 frequency         real(s_1_1)       imag(s_1_1)       real(s_2_1)       imag(s_2_1)       real(s_1_2)       imag(s_1_2)       real(s_2_2)       imag(s_2_2)      
 1.0000000000e+07  9.9999288494e-01 -3.7722569148e-03 -6.2144450040e-11 -2.6007895806e-11 -3.7972243761e-18 -3.1919277290e-18  9.9999998737e-01 -1.5895618114e-04 
 1.0592537252e+07  9.9999201672e-01 -3.9957847720e-03 -7.9464869553e-11 -3.1725490310e-11 -4.8838339763e-18 -4.0919315118e-18  9.9999998582e-01 -1.6837493698e-04 
 1.1220184543e+07  9.9999104256e-01 -4.2325589171e-03 -1.0150516513e-10 -3.8680374061e-11 -6.2810268171e-18 -5.2564418752e-18  9.9999998410e-01 -1.7835179106e-04 
 1.1885022274e+07  9.9998994951e-01 -4.4833645116e-03 -1.2953566207e-10 -4.7139887211e-11 -8.0796899454e-18 -6.7661450610e-18  9.9999998215e-01 -1.8891981315e-04 
 1.2589254118e+07  9.9998872307e-01 -4.7490332916e-03 -1.6516696171e-10 -5.7428846638e-11 -1.0398581031e-17 -8.7267522854e-18  9.9999997998e-01 -2.0011403257e-04 
 1.3335214322e+07  9.9998734696e-01 -5.0304463370e-03 -2.1044095947e-10 -6.9941473232e-11 -1.3393385355e-17 -1.1276636637e-17  9.9999997753e-01 -2.1197155435e-04 
 1.4125375446e+07  9.9998580291e-01 -5.3285370069e-03 -2.6794616078e-10 -8.5155544538e-11 -1.7268858302e-17 -1.4596655983e-17  9.9999997479e-01 -2.2453168221e-04 
 1.4962356561e+07  9.9998407042e-01 -5.6442940507e-03 -3.4096374691e-10 -1.0364907569e-10 -2.2295116534e-17 -1.8922700682e-17  9.9999997172e-01 -2.3783604889e-04 
 1.5848931925e+07  9.9998212648e-01 -5.9787649063e-03 -4.3365253662e-10 -1.2611982450e-10 -2.8829490676e-17 -2.4561595290e-17  9.9999996827e-01 -2.5192875415e-04 
 1.6788040181e+07  9.9997994528e-01 -6.3330591968e-03 -5.5128311967e-10 -1.5340788470e-10 -3.7345803237e-17 -3.1911070362e-17  9.9999996439e-01 -2.6685651099e-04 
 1.7782794100e+07  9.9997749785e-01 -6.7083524378e-03 -7.0053411554e-10 -1.8652156311e-10 -4.8473509971e-17 -4.1484594893e-17  9.9999996005e-01 -2.8266880051e-04 
 1.8836490895e+07  9.9997475170e-01 -7.1058899691e-03 -8.8986687341e-10 -2.2666661855e-10 -6.3049866701e-17 -5.3941910260e-17  9.9999995517e-01 -2.9941803597e-04 
 1.9952623150e+07  9.9997167033e-01 -7.5269911239e-03 -1.1299991519e-09 -2.7527875364e-10 -8.2189185562e-17 -7.0126118964e-17  9.9999994970e-01 -3.1715973660e-04 
 2.1134890398e+07  9.9996821283e-01 -7.9730536513e-03 -1.4345036192e-09 -3.3405897198e-10 -1.0737435830e-16 -9.1108141337e-17  9.9999994357e-01 -3.3595271164e-04 
 2.2387211386e+07  9.9996433325e-01 -8.4455584082e-03 -1.8205636739e-09 -4.0501101104e-10 -1.4057718984e-16 -1.1823924597e-16  9.9999993668e-01 -3.5585925538e-04 
 2.3713737057e+07  9.9995998003e-01 -8.9460743378e-03 -2.3099274515e-09 -4.9047949396e-10 -1.8441575387e-16 -1.5321217195e-16  9.9999992896e-01 -3.7694535374e-04 
 2.5118864315e+07  9.9995509532e-01 -9.4762637527e-03 -2.9301114017e-09 -5.9318665422e-10 -2.4235902144e-16 -1.9813108197e-16  9.9999992029e-01 -3.9928090305e-04 
 2.6607250598e+07  9.9994961418e-01 -1.0037887944e-02 -3.7159180466e-09 -7.1626439880e-10 -3.1899151585e-16 -2.5559020603e-16  9.9999991056e-01 -4.2293994193e-04 
 2.8183829313e+07  9.9994346374e-01 -1.0632813137e-02 -4.7113491790e-09 -8.6327698021e-10 -4.2035384087e-16 -3.2876054418e-16  9.9999989965e-01 -4.4800089677e-04 
 2.9853826189e+07  9.9993656219e-01 -1.1263016814e-02 -5.9720167153e-09 -1.0382274979e-09 -5.5437878924e-16 -4.2148337530e-16  9.9999988740e-01 -4.7454684195e-04 
 3.1622776602e+07  9.9992881772e-01 -1.1930594438e-02 -7.5681798117e-09 -1.2455386414e-09 -7.3144760113e-16 -5.3836853140e-16  9.9999987366e-01 -5.0266577534e-04 
 3.3496543916e+07  9.9992012726e-01 -1.2637766594e-02 -9.5885700884e-09 -1.4899942400e-09 -9.6509711590e-16 -6.8489437681e-16  9.9999985825e-01 -5.3245091029e-04 
 3.5481338923e+07  9.9991037513e-01 -1.3386886584e-02 -1.2145208672e-08 -1.7766229202e-09 -1.2729164437e-15 -8.6750506946e-16  9.9999984095e-01 -5.6400098489e-04 
 3.7583740429e+07  9.9989943144e-01 -1.4180448503e-02 -1.5379471479e-08 -2.1104979710e-09 -1.6776818765e-15 -1.0936988040e-15  9.9999982154e-01 -5.9742058958e-04 
 3.9810717055e+07  9.9988715039e-01 -1.5021095839e-02 -1.9469725528e-08 -2.4964176953e-09 -2.2087916849e-15 -1.3720980933e-15  9.9999979977e-01 -6.3282051433e-04 
 4.2169650343e+07  9.9987336826e-01 -1.5911630631e-02 -2.4640942596e-08 -2.9384171429e-09 -2.9040789849e-15 -1.7124893847e-15  9.9999977534e-01 -6.7031811630e-04 
 4.4668359215e+07  9.9985790123e-01 -1.6855023217e-02 -3.1176801629e-08 -3.4390439443e-09 -3.8121019697e-15 -2.1258139587e-15  9.9999974792e-01 -7.1003770952e-04 
 4.7315125896e+07  9.9984054288e-01 -1.7854422642e-02 -3.9434923541e-08 -3.9983063255e-09 -4.9950377038e-15 -2.6240844885e-15  9.9999971716e-01 -7.5211097763e-04 
 5.0118723363e+07  9.9982106136e-01 -1.8913167751e-02 -4.9866048297e-08 -4.6121680655e-09 -6.5323398951e-15 -3.2201910257e-15  9.9999968265e-01 -7.9667741123e-04 
 5.3088444423e+07  9.9979919630e-01 -2.0034799046e-02 -6.3038173272e-08 -5.2704201857e-09 -8.5253645682e-15 -3.9275454185e-15  9.9999964393e-01 -8.4388477131e-04 
 5.6234132519e+07  9.9977465517e-01 -2.1223071347e-02 -7.9666934766e-08 -5.9536985655e-09 -1.1103222866e-14 -4.7594928109e-15  9.9999960048e-01 -8.9388958020e-04 
 5.9566214353e+07  9.9974710935e-01 -2.2481967353e-02 -1.0065384498e-07 -6.6293351410e-09 -1.4430190564e-14 -5.7283909653e-15  9.9999955173e-01 -9.4685764186e-04 
 6.3095734448e+07  9.9971618956e-01 -2.3815712158e-02 -1.2713441213e-07 -7.2456207491e-09 -1.8715093511e-14 -6.8442200774e-15  9.9999949703e-01 -1.0029645932e-03 
 6.6834391757e+07  9.9968148075e-01 -2.5228788824e-02 -1.6053869312e-07 -7.7239105105e-09 -2.4223202535e-14 -8.1125339713e-15  9.9999943566e-01 -1.0623964884e-03 
 7.0794578438e+07  9.9964251640e-01 -2.6725955099e-02 -2.0266748418e-07 -7.9478051667e-09 -3.1291317483e-14 -9.5314933005e-15  9.9999936679e-01 -1.1253504177e-03 
 7.4989420933e+07  9.9959877195e-01 -2.8312261405e-02 -2.5578817806e-07 -7.7483769512e-09 -4.0346907194e-14 -1.1087626170e-14  9.9999928953e-01 -1.1920351644e-03 
 7.9432823472e+07  9.9954965746e-01 -2.9993070207e-02 -3.2275535085e-07 -6.8840536156e-09 -5.1932412240e-14 -1.2749832695e-14  9.9999920283e-01 -1.2626718993e-03 
 8.4139514165e+07  9.9949450926e-01 -3.1774076918e-02 -4.0716243954e-07 -5.0132986611e-09 -6.6736125983e-14 -1.4460975594e-14  9.9999910555e-01 -1.3374949188e-03 
 8.9125093813e+07  9.9943258053e-01 -3.3661332492e-02 -5.1353250029e-07 -1.6575889138e-09 -8.5631467180e-14 -1.6126162957e-14  9.9999899641e-01 -1.4167524263e-03 
 9.4406087629e+07  9.9936303055e-01 -3.5661267907e-02 -6.4755808114e-07  3.8486621480e-09 -1.0972697101e-13 -1.7596510215e-14  9.9999887394e-01 -1.5007073604e-03 
 1.0000000000e+08  9.9928491255e-01 -3.7780720729e-02 -8.1640280395e-07  1.2425728293e-08 -1.4042999036e-13 -1.8646736584e-14  9.9999873652e-01 -1.5896382737e-03 
 1.0592537252e+08  9.9919715985e-01 -4.0026964034e-02 -1.0290804610e-06  2.5339762073e-08 -1.7952796226e-13 -1.8944367184e-14  9.9999858234e-01 -1.6838402645e-03 
 1.1220184543e+08  9.9909857006e-01 -4.2407737936e-02 -1.2969314513e-06  4.4325618157e-08 -2.2929221750e-13 -1.8007521346e-14  9.9999840934e-01 -1.7836259646e-03 
 1.1885022274e+08  9.9898778712e-01 -4.4931284080e-02 -1.6342214118e-06  7.1752106856e-08 -2.9261077771e-13 -1.5147196787e-14  9.9999821522e-01 -1.8893265878e-03 
 1.2589254118e+08  9.9886328069e-01 -4.7606383459e-02 -2.0588931910e-06  1.1084413409e-07 -3.7315850334e-13 -9.3885079388e-15  9.9999799741e-01 -2.0012930415e-03 
 1.3335214322e+08  9.9872332254e-01 -5.0442398010e-02 -2.5935111677e-06  1.6598107735e-07 -4.7561547697e-13  6.3663241677e-16  9.9999775302e-01 -2.1198971069e-03 
 1.4125375446e+08  9.9856595958e-01 -5.3449316488e-02 -3.2664467307e-06  2.4309729339e-07 -6.0594782816e-13  1.6835573618e-14  9.9999747879e-01 -2.2455326911e-03 
 1.4962356561e+08  9.9838898260e-01 -5.6637805236e-02 -4.1133659574e-06  3.5021941155e-07 -7.7176959859e-13  4.1853552742e-14  9.9999717109e-01 -2.3786171572e-03 
 1.5848931925e+08  9.9818989042e-01 -6.0019264532e-02 -5.1790957515e-06  4.9818678572e-07 -9.8281007519e-13  7.9343663812e-14  9.9999682582e-01 -2.5195927358e-03 
 1.6788040181e+08  9.9796584834e-01 -6.3605891339e-02 -6.5199636182e-06  7.0161716131e-07 -1.2515187825e-12  1.3433371170e-13  9.9999643841e-01 -2.6689280255e-03 
 1.7782794100e+08  9.9771363984e-01 -6.7410749430e-02 -8.2067297243e-06  9.8020060895e-07 -1.5938507045e-12  2.1372473982e-13  9.9999600369e-01 -2.8271195867e-03 
 1.8836490895e+08  9.9742961057e-01 -7.1447847982e-02 -1.0328258947e-05  1.3604328907e-06 -2.0302882337e-12  3.2696869688e-13  9.9999551590e-01 -2.9946936368e-03 
 1.9952623150e+08  9.9710960272e-01 -7.5732230000e-02 -1.2996116499e-05  1.8779370870e-06 -2.5871751089e-12  4.8699012732e-13  9.9999496854e-01 -3.1722078527e-03 
 2.1134890398e+08  9.9674887827e-01 -8.0280072087e-02 -1.6350314884e-05  2.5805727891e-06 -3.2984629724e-12  7.1144077658e-13  9.9999435433e-01 -3.3602532899e-03 
 2.2387211386e+08  9.9634202861e-01 -8.5108797411e-02 -2.0566494147e-05  3.5325998486e-06 -4.2080056239e-12  1.0244091897e-12  9.9999366511e-01 -3.5594564258e-03 
 2.3713737057e+08  9.9588286772e-01 -9.0237203999e-02 -2.5864883553e-05  4.8202544990e-06 -5.3725829796e-12  1.4587534193e-12  9.9999289171e-01 -3.7704813376e-03 
 2.5118864315e+08  9.9536430559e-01 -9.5685610881e-02 -3.2521473299e-05  6.5592176268e-06 -6.8659009550e-12  2.0592890644e-12  9.9999202382e-01 -3.9940320253e-03 
 2.6607250598e+08  9.9477819723e-01 -1.0147602504e-01 -4.0881921924e-05  8.9046188996e-06 -8.7839016552e-12  2.8871544904e-12  9.9999104989e-01 -4.2308548924e-03 
 2.8183829313e+08  9.9411516200e-01 -1.0763233262e-01 -5.1378841397e-05  1.2064441044e-05 -1.1251839768e-11  4.0258009592e-12  9.9998995695e-01 -4.4817413964e-03 
 2.9853826189e+08  9.9336436617e-01 -1.1418051849e-01 -6.4553239531e-05  1.6317485748e-05 -1.4433749150e-11  5.5892330327e-12  9.9998873041e-01 -4.7475308869e-03 
 3.1622776602e+08  9.9251326015e-01 -1.2114891875e-01 -8.1081060255e-05  2.2037463616e-05 -1.8545156956e-11  7.7333765875e-12  9.9998735393e-01 -5.0291136469e-03 
 3.3496543916e+08  9.9154725895e-01 -1.2856851174e-01 -1.0180594646e-04  2.9725312537e-05 -2.3870227729e-11  1.0671811194e-11  9.9998580912e-01 -5.3274341584e-03 
 3.5481338923e+08  9.9044935188e-01 -1.3647325376e-01 -1.2777955539e-04  4.0052582606e-05 -3.0784974281e-11  1.4697619326e-11  9.9998407535e-01 -5.6434946157e-03 
 3.7583740429e+08  9.8919962297e-01 -1.4490046643e-01 -1.6031097518e-04  5.3919721700e-05 -3.9788809383e-11  2.0213849569e-11  9.9998212945e-01 -5.9783587153e-03 
 3.9810717055e+08  9.8777465847e-01 -1.5389128373e-01 -2.0102700838e-04  7.2534450949e-05 -5.1547608458e-11  2.7776173567e-11  9.9997994536e-01 -6.3331557525e-03 
 4.2169650343e+08  9.8614681055e-01 -1.6349116697e-01 -2.5194527286e-04  9.7517268710e-05 -6.6952717605e-11  3.8152901581e-11  9.9997749382e-01 -6.7090850677e-03 
 4.4668359215e+08  9.8428327715e-01 -1.7375049646e-01 -3.1556217106e-04  1.3104365369e-04 -8.7202128540e-11  5.2409859871e-11  9.9997474194e-01 -7.1074208863e-03 
 4.7315125896e+08  9.8214494500e-01 -1.8472524810e-01 -3.9495770063e-04  1.7603601751e-04 -1.1391257436e-10  7.2031110440e-11  9.9997165275e-01 -7.5295176145e-03 
 5.0118723363e+08  9.7968492639e-01 -1.9647776115e-01 -4.9391866740e-04  2.3642325784e-04 -1.4927489301e-10  9.9091707881e-11  9.9996818465e-01 -7.9768156603e-03 
 5.3088444423e+08  9.7684669741e-01 -2.0907759932e-01 -6.1708084963e-04  3.1749241624e-04 -1.9627010603e-10  1.3650657585e-10  9.9996429088e-01 -8.4508478734e-03 
 5.6234132519e+08  9.7356171495e-01 -2.2260249919e-01 -7.7008860681e-04  4.2636620583e-04 -2.5897089667e-10  1.8839162784e-10  9.9995991878e-01 -8.9532467191e-03 
 5.9566214353e+08  9.6974634863e-01 -2.3713938481e-01 -9.5976658227e-04  5.7265312597e-04 -3.4296341253e-10  2.6059181789e-10  9.9995500910e-01 -9.4857523380e-03 
 6.3095734448e+08  9.6529790794e-01 -2.5278540128e-01 -1.1942912642e-03  7.6933507510e-04 -4.5593873509e-10  3.6145970116e-10  9.9994949504e-01 -1.0050221688e-02 
 6.6834391757e+08  9.6008947016e-01 -2.6964887507e-01 -1.4833381300e-03  1.0339830293e-03 -6.0852346336e-10  5.0301352601e-10  9.9994330134e-01 -1.0648639029e-02 
 7.0794578438e+08  9.5396311383e-01 -2.8785003301e-01 -1.8381593105e-03  1.3904276343e-03 -8.1544643545e-10  7.0267609933e-10  9.9993634306e-01 -1.1283128114e-02 
 7.4989420933e+08  9.4672103003e-01 -3.0752118470e-01 -2.2715110334e-03  1.8710628963e-03 -1.0971753692e-09  9.8591166626e-10  9.9992852427e-01 -1.1955966558e-02 
 7.9432823472e+08  9.3811381236e-01 -3.2880586119e-01 -2.7972889655e-03  2.5200336186e-03 -1.4822037076e-09  1.3902663460e-09  9.9991973649e-01 -1.2669603078e-02 
 8.4139514165e+08  9.2782501569e-01 -3.5185605116e-01 -3.4296246930e-03  3.3976586591e-03 -2.0102208725e-09  1.9716264865e-09  9.9990985683e-01 -1.3426678564e-02 
 8.9125093813e+08  9.1545083645e-01 -3.7682609406e-01 -4.1810162145e-03  4.5865815794e-03 -2.7364445877e-09  2.8140206743e-09  9.9989874585e-01 -1.4230052381e-02 
 9.4406087629e+08  9.0047355592e-01 -4.0386083292e-01 -5.0587543391e-03  6.2003254616e-03 -3.7373921133e-09  4.0451450098e-09  9.9988624490e-01 -1.5082835962e-02 
 1.0000000000e+09  8.8222734057e-01 -4.3307407233e-01 -6.0583700115e-03  8.3951577964e-03 -5.1182176314e-09  5.8612259254e-09  9.9987217289e-01 -1.5988436817e-02 
 1.0592537252e+09  8.5985544437e-01 -4.6451089777e-01 -7.1519024799e-03  1.1386412235e-02 -7.0212074483e-09  8.5672518958e-09  9.9985632226e-01 -1.6950617786e-02 
 1.1220184543e+09  8.3225954332e-01 -4.9808356904e-01 -8.2672063788e-03  1.5470554572e-02 -9.6335604678e-09  1.2642665764e-08  9.9983845376e-01 -1.7973579206e-02 
 1.1885022274e+09  7.9804639556e-01 -5.3346514983e-01 -9.2518590020e-03  2.1054018917e-02 -1.3188990841e-08  1.8849349405e-08  9.9981828960e-01 -1.9062076556e-02 
 1.2589254118e+09  7.5548726778e-01 -5.6991810283e-01 -9.8109233564e-03  2.8688464656e-02 -1.7949419247e-08  2.8409626756e-08  9.9979550386e-01 -2.0221594873e-02 
 1.3335214322e+09  7.0252685580e-01 -6.0602954027e-01 -9.4013072204e-03  3.9108115575e-02 -2.4134880815e-08  4.3298745758e-08  9.9976970882e-01 -2.1458617384e-02 
 1.4125375446e+09  6.3691804888e-01 -6.3933019403e-01 -7.0568623120e-03  5.3255538702e-02 -3.1732015934e-08  6.6719740086e-08  9.9974043401e-01 -2.2781057351e-02 
 1.4962356561e+09  5.5662078469e-01 -6.6581493797e-01 -1.1101814187e-03  7.2264141002e-02 -4.0038104556e-08  1.0385655119e-07  9.9970709226e-01 -2.4198986925e-02 
 1.5848931925e+09  4.6066664900e-01 -6.7950683819e-01  1.1223823031e-02  9.7339072911e-02 -4.6668160807e-08  1.6302868630e-07  9.9966892071e-01 -2.5725939364e-02 
 1.6788040181e+09  3.5065838917e-01 -6.7246847448e-01  3.4425301282e-02  1.2946289777e-01 -4.5550525630e-08  2.5741534951e-07  9.9962486909e-01 -2.7381400659e-02 
 1.7782794100e+09  2.3271468341e-01 -6.3600640659e-01  7.5448248912e-02  1.6891964506e-01 -2.3125035777e-08  4.0776422588e-07  9.9957336627e-01 -2.9196001258e-02 
 1.8836490895e+09  1.1876133426e-01 -5.6379429438e-01  1.4506468926e-01  2.1491976938e-01  4.8845623867e-08  6.4784022794e-07  9.9951176800e-01 -3.1223599364e-02 
 1.9952623150e+09  2.5090262442e-02 -4.5638549728e-01  2.6185163684e-01  2.6623895221e-01  2.2929031284e-07  1.0402586711e-06  9.9943481345e-01 -3.3574006474e-02 
 2.1134890398e+09 -3.3078145402e-02 -3.2412494988e-01  4.6862498017e-01  3.2498288823e-01  6.5942306465e-07  1.7366537758e-06  9.9932910732e-01 -3.6523972150e-02 
 2.2387211386e+09 -4.8553214323e-02 -1.8477209272e-01  9.2085486287e-01  4.1213608150e-01  1.8286314835e-06  3.2893855573e-06  9.9914287043e-01 -4.1069745108e-02 
 2.3713737057e+09 -2.5883917930e-02 -5.5931273477e-02  3.0284934739e+00  7.2393492399e-01  8.1049617493e-06  1.0594365330e-05  9.9827497660e-01 -5.6006176169e-02 
 2.5118864315e+09  3.0268602371e-02  4.6898317923e-02 -3.2472749069e+00 -3.6688060384e-01 -1.0812422240e-05 -1.1953601676e-05  9.9961123170e-01 -1.8716525628e-02 
 2.6607250598e+09  9.5598412765e-02  1.2585387820e-01 -1.0835407166e+00  4.9753892042e-02 -4.6576868855e-06 -4.0540146412e-06  9.9937704319e-01 -3.4435429277e-02 
 2.8183829313e+09  1.6639778185e-01  1.7939403422e-01 -6.3651530396e-01  1.1512346485e-01 -3.4635547322e-06 -2.4802565163e-06  9.9920507702e-01 -3.9522634124e-02 
 2.9853826189e+09  2.3493162238e-01  2.1266077941e-01 -4.3693539693e-01  1.3359272949e-01 -2.9904914885e-06 -1.7967477232e-06  9.9905625039e-01 -4.3234451619e-02 
 3.1622776602e+09  2.9761868505e-01  2.3074893744e-01 -3.2233624960e-01  1.3697757915e-01 -2.7666850255e-06 -1.4133850684e-06  9.9890737516e-01 -4.6593566185e-02 
 3.3496543916e+09  3.5313102131e-01  2.3802729752e-01 -2.4785773658e-01  1.3417738172e-01 -2.6649623510e-06 -1.1687429874e-06  9.9874956762e-01 -4.9884493500e-02 
 3.5481338923e+09  4.0139088825e-01  2.3787526475e-01 -1.9580971321e-01  1.2868055618e-01 -2.6374259174e-06 -9.9982250889e-07  9.9857790556e-01 -5.3222452206e-02 
 3.7583740429e+09  4.4292682447e-01  2.3275852083e-01 -1.5766108591e-01  1.2208124442e-01 -2.6625310586e-06 -8.7654749470e-07  9.9838876578e-01 -5.6666709086e-02 
 3.9810717055e+09  4.7850217626e-01  2.2441569109e-01 -1.2873370921e-01  1.1516075496e-01 -2.7296490032e-06 -7.8252426243e-07  9.9817893174e-01 -6.0253865462e-02 
 4.2169650343e+09  5.0892083038e-01  2.1404750985e-01 -1.0622775773e-01  1.0831050687e-01 -2.8334468146e-06 -7.0791263116e-07  9.9794522308e-01 -6.4010122551e-02 
 4.4668359215e+09  5.3493611294e-01  2.0247184159e-01 -8.8359402347e-02  1.0172300042e-01 -2.9715129785e-06 -6.4633075529e-07  9.9768430891e-01 -6.7956550348e-02 
 4.7315125896e+09  5.5721524228e-01  1.9023961925e-01 -7.3937705390e-02  9.5485905194e-02 -3.1432419553e-06 -5.9334442766e-07  9.9739259389e-01 -7.2111621933e-02 
 5.0118723363e+09  5.7633167345e-01  1.7771766541e-01 -6.2138045175e-02  8.9630978436e-02 -3.3492695527e-06 -5.4565876291e-07  9.9706613467e-01 -7.6492545752e-02 
 5.3088444423e+09  5.9277025843e-01  1.6514645938e-01 -5.2372371158e-02  8.4160360251e-02 -3.5911739063e-06 -5.0065092995e-07  9.9670056841e-01 -8.1116019588e-02 
 5.6234132519e+09  6.0693740966e-01  1.5267994792e-01 -4.4210912635e-02  7.9060986445e-02 -3.8713156486e-06 -4.5608016041e-07  9.9629104481e-01 -8.5998685493e-02 
 5.9566214353e+09  6.1917242903e-01  1.4041283783e-01 -3.7332920126e-02  7.4312556110e-02 -4.1927567035e-06 -4.0989441335e-07  9.9583215680e-01 -9.1157420542e-02 
 6.3095734448e+09  6.2975825781e-01  1.2839928127e-01 -3.1494599196e-02  6.9891925995e-02 -4.5592267618e-06 -3.6009111888e-07  9.9531786718e-01 -9.6609532642e-02 
 6.6834391757e+09  6.3893096665e-01  1.1666567849e-01 -2.6507634896e-02  6.5775495987e-02 -4.9751207629e-06 -3.0460803668e-07  9.9474142943e-01 -1.0237289868e-01 
 7.0794578438e+09  6.4688782158e-01  1.0521946606e-01 -2.2224457214e-02  6.1940457021e-02 -5.4455179881e-06 -2.4122986916e-07  9.9409530089e-01 -1.0846606589e-01 
 7.4989420933e+09  6.5379399526e-01  9.4055161814e-02 -1.8527917446e-02  5.8365394768e-02 -5.9762172585e-06 -1.6750142378e-07  9.9337104742e-01 -1.1490832835e-01 
 7.9432823472e+09  6.5978808370e-01  8.3158530238e-02 -1.5323920047e-02  5.5030531546e-02 -6.5737848940e-06 -8.0640949158e-08  9.9255923807e-01 -1.2171978541e-01 
 8.4139514165e+09  6.6498661074e-01  7.2509455207e-02 -1.2536076070e-02  5.1917769239e-02 -7.2456133001e-06  2.2551175563e-08  9.9164932875e-01 -1.2892138606e-01 
 8.9125093813e+09  6.6948769343e-01  6.2083920688e-02 -1.0101764845e-02  4.9010627141e-02 -7.9999887253e-06  1.4579240084e-07  9.9062953379e-01 -1.3653496081e-01 
 9.4406087629e+09  6.7337402043e-01  5.1855373480e-02 -7.9691927775e-03  4.6294128670e-02 -8.8461670635e-06  2.9343024811e-07  9.8948668411e-01 -1.4458324201e-01 
 1.0000000000e+10  6.7671527162e-01  4.1795656714e-02 -6.0951686612e-03  4.3754667483e-02 -9.7944566826e-06  4.7057037914e-07  9.8820607098e-01 -1.5308987200e-01 
 1.0592537252e+10  6.7957008446e-01  3.1875644601e-02 -4.4434008623e-03  4.1379869861e-02 -1.0856307184e-05  6.8322414923e-07  9.8677127410e-01 -1.6207939816e-01 
 1.1220184543e+10  6.8198765242e-01  2.2065669236e-02 -2.9831793591e-03  3.9158462188e-02 -1.2044402769e-05  9.3847954749e-07  9.8516397306e-01 -1.7157725300e-01 
 1.1885022274e+10  6.8400902435e-01  1.2335802970e-02 -1.6883449082e-03  3.7080147700e-02 -1.3372758498e-05  1.2446997779e-06  9.8336374087e-01 -1.8160971699e-01 
 1.2589254118e+10  6.8566815981e-01  2.6560411497e-03 -5.3647476407e-04  3.5135494022e-02 -1.4856817190e-05  1.6117541633e-06  9.8134781895e-01 -1.9220386119e-01 
 1.3335214322e+10  6.8699278414e-01 -7.0035829824e-03  4.9176657354e-04  3.3315831513e-02 -1.6513543941e-05  2.0512865361e-06  9.7909087260e-01 -2.0338746598e-01 
 1.4125375446e+10  6.8800507841e-01 -1.6672928407e-02  1.4131495982e-03  3.1613161670e-02 -1.8361514325e-05  2.5770267949e-06  9.7656472656e-01 -2.1518891176e-01 
 1.4962356561e+10  6.8872223197e-01 -2.6381704833e-02  2.2423033195e-03  3.0020074459e-02 -2.0420991078e-05  3.2051518205e-06  9.7373808069e-01 -2.2763703662e-01 
 1.5848931925e+10  6.8915688017e-01 -3.6159447263e-02  2.9920613163e-03  2.8529673275e-02 -2.2713982576e-05  3.9547024227e-06  9.7057620609e-01 -2.4076095528e-01 
 1.6788040181e+10  6.8931744472e-01 -4.6035497222e-02  3.6737463803e-03  2.7135506256e-02 -2.5264274532e-05  4.8480633782e-06  9.6704062284e-01 -2.5458983277e-01 
 1.7782794100e+10  6.8920839136e-01 -5.6038983191e-02  4.2974059583e-03  2.5831502697e-02 -2.8097424045e-05  5.9115138473e-06  9.6308876151e-01 -2.6915260563e-01 
 1.8836490895e+10  6.8883041620e-01 -6.6198794070e-02  4.8720077021e-03  2.4611913407e-02 -3.1240702373e-05  7.1758554260e-06  9.5867361150e-01 -2.8447764244e-01 
 1.9952623150e+10  6.8818057038e-01 -7.6543540265e-02  5.4056022287e-03  2.3471253982e-02 -3.4722969528e-05  8.6771246797e-06  9.5374336107e-01 -3.0059233480e-01 
 2.1134890398e+10  6.8725233076e-01 -8.7101497370e-02  5.9054584830e-03  2.2404250058e-02 -3.8574459901e-05  1.0457396047e-05  9.4824103536e-01 -3.1752260900e-01 
 2.2387211386e+10  6.8603562352e-01 -9.7900527536e-02  6.3781757581e-03  2.1405783747e-02 -4.2826453677e-05  1.2565679284e-05  9.4210414120e-01 -3.3529234846e-01 
 2.3713737057e+10  6.8451680661e-01 -1.0896797355e-01  6.8297753509e-03  2.0470840608e-02 -4.7510803724e-05  1.5058912899e-05  9.3526433007e-01 -3.5392271614e-01 
 2.5118864315e+10  6.8267861639e-01 -1.2033052037e-01  7.2657739568e-03  1.9594456650e-02 -5.2659281994e-05  1.8003050940e-05  9.2764709360e-01 -3.7343136671e-01 
 2.6607250598e+10  6.8050008429e-01 -1.3201401852e-01  7.6912401836e-03  1.8771665071e-02 -5.8302703463e-05  2.1474234731e-05  9.1917150986e-01 -3.9383153842e-01 
 2.8183829313e+10  6.7795642876e-01 -1.4404326341e-01  8.1108349480e-03  1.7997442653e-02 -6.4469779372e-05  2.5560033185e-05  9.0975006265e-01 -4.1513101634e-01 
 2.9853826189e+10  6.7501892920e-01 -1.5644172406e-01  8.5288360081e-03  1.7266656029e-02 -7.1185645539e-05  3.0360724705e-05  8.9928856079e-01 -4.3733096041e-01 
