 frequency         real(s_1_1)       imag(s_1_1)       real(s_2_1)       imag(s_2_1)       real(s_1_2)       imag(s_1_2)       real(s_2_2)       imag(s_2_2)      
 1.0000000000e+07  8.1020969331e-01 -8.9910383541e-02  3.9179637657e-04 -9.7860154398e-04  4.8983554206e-11 -6.0185422464e-11  9.9999728897e-01 -2.1695861386e-03 
 1.0592537252e+07  8.0690007291e-01 -8.8414659264e-02  4.0403353024e-04 -1.0490502199e-03  5.2939007277e-11 -6.4816718925e-11  9.9999695817e-01 -2.2981436425e-03 
 1.1220184543e+07  8.0367579415e-01 -8.6948076231e-02  4.1690694153e-04 -1.1235345158e-03  5.7345320713e-11 -6.9798292330e-11  9.9999658701e-01 -2.4343189294e-03 
 1.1885022274e+07  8.0052808194e-01 -8.5510215656e-02  4.3052538877e-04 -1.2023172242e-03  6.2259224337e-11 -7.5174362630e-11  9.9999617055e-01 -2.5785634327e-03 
 1.2589254118e+07  7.9744936447e-01 -8.4099365851e-02  4.4500444988e-04 -1.2856823812e-03  6.7742357809e-11 -8.0997104126e-11  9.9999570328e-01 -2.7313553444e-03 
 1.3335214322e+07  7.9443338040e-01 -8.2712814370e-02  4.6046684507e-04 -1.3739360769e-03  7.3861108584e-11 -8.7327919358e-11  9.9999517898e-01 -2.8932012026e-03 
 1.4125375446e+07  7.9147523669e-01 -8.1347132617e-02  4.7704289007e-04 -1.4674072914e-03  8.0686235676e-11 -9.4238814188e-11  9.9999459071e-01 -3.0646375736e-03 
 1.4962356561e+07  7.8857142387e-01 -7.9998447637e-02  4.9487106720e-04 -1.5664487446e-03  8.8292230729e-11 -1.0181383450e-10  9.9999393066e-01 -3.2462328332e-03 
 1.5848931925e+07  7.8571979442e-01 -7.8662697883e-02  5.1409872982e-04 -1.6714377475e-03  9.6756372629e-11 -1.1015050570e-10  9.9999319006e-01 -3.4385890550e-03 
 1.6788040181e+07  7.8291950938e-01 -7.7335871167e-02  5.3488296780e-04 -1.7827770358e-03  1.0615744338e-10 -1.1936119568e-10  9.9999235909e-01 -3.6423440106e-03 
 1.7782794100e+07  7.8017095684e-01 -7.6014223812e-02  5.5739167411e-04 -1.9008955714e-03  1.1657409270e-10 -1.2957430251e-10  9.9999142671e-01 -3.8581732893e-03 
 1.8836490895e+07  7.7747564493e-01 -7.4694480033e-02  5.8180486721e-04 -2.0262493006e-03  1.2808286751e-10 -1.4093515231e-10  9.9999038055e-01 -4.0867925437e-03 
 1.9952623150e+07  7.7483607101e-01 -7.3374010013e-02  6.0831633703e-04 -2.1593218681e-03  1.4075595965e-10 -1.5360648534e-10  9.9998920674e-01 -4.3289598702e-03 
 2.1134890398e+07  7.7225556864e-01 -7.2050984246e-02  6.3713569416e-04 -2.3006253004e-03  1.5465876916e-10 -1.6776841228e-10  9.9998788967e-01 -4.5854783308e-03 
 2.2387211386e+07  7.6973813449e-01 -7.0724500796e-02  6.6849091006e-04 -2.4507006889e-03  1.6984742695e-10 -1.8361774232e-10  9.9998641188e-01 -4.8571986264e-03 
 2.3713737057e+07  7.6728823832e-01 -6.9394681533e-02  7.0263143937e-04 -2.6101189244e-03  1.8636646421e-10 -2.0136662216e-10  9.9998475374e-01 -5.1450219298e-03 
 2.5118864315e+07  7.6491062104e-01 -6.8062733484e-02  7.3983201305e-04 -2.7794815566e-03  2.0424684926e-10 -2.2124048002e-10  9.9998289324e-01 -5.4499028883e-03 
 2.6607250598e+07  7.6261008706e-01 -6.6730972224e-02  7.8039718274e-04 -2.9594218715e-03  2.2350462845e-10 -2.4347533808e-10  9.9998080569e-01 -5.7728528069e-03 
 2.8183829313e+07  7.6039129904e-01 -6.5402805844e-02  8.2466668287e-04 -3.1506062958e-03  2.4414039966e-10 -2.6831463490e-10  9.9997846335e-01 -6.1149430227e-03 
 2.9853826189e+07  7.5825858330e-01 -6.4082680181e-02  8.7302165970e-04 -3.3537362511e-03  2.6613981158e-10 -2.9600577498e-10  9.9997583514e-01 -6.4773084827e-03 
 3.1622776602e+07  7.5621575455e-01 -6.2775988416e-02  9.2589179736e-04 -3.5695505808e-03  2.8947522002e-10 -3.2679668700e-10  9.9997288615e-01 -6.8611515369e-03 
 3.3496543916e+07  7.5426596740e-01 -6.1488950544e-02  9.8376335397e-04 -3.7988286712e-03  3.1410854881e-10 -3.6093271335e-10  9.9996957722e-01 -7.2677459611e-03 
 3.5481338923e+07  7.5241160034e-01 -6.0228470063e-02  1.0471881086e-03 -4.0423943775e-03  3.3999530812e-10 -3.9865416404e-10  9.9996586439e-01 -7.6984412241e-03 
 3.7583740429e+07  7.5065417578e-01 -5.9001976548e-02  1.1167932153e-03 -4.3011208506e-03  3.6708962896e-10 -4.4019484479e-10  9.9996169836e-01 -8.1546670129e-03 
 3.9810717055e+07  7.4899431704e-01 -5.7817263128e-02  1.1932919661e-03 -4.5759363414e-03  3.9535009408e-10 -4.8578181410e-10  9.9995702377e-01 -8.6379380351e-03 
 4.2169650343e+07  7.4743174091e-01 -5.6682327555e-02  1.2774954793e-03 -4.8678310484e-03  4.2474609221e-10 -5.3563654556e-10  9.9995177852e-01 -9.1498591141e-03 
 4.4668359215e+07  7.4596528225e-01 -5.5605224440e-02  1.3703253578e-03 -5.1778650621e-03  4.5526440409e-10 -5.8997758103e-10  9.9994589290e-01 -9.6921305979e-03 
 4.7315125896e+07  7.4459294552e-01 -5.4593934708e-02  1.4728273912e-03 -5.5071774608e-03  4.8691574495e-10 -6.4902467231e-10  9.9993928868e-01 -1.0266554101e-02 
 5.0118723363e+07  7.4331197716e-01 -5.3656256503e-02  1.5861864207e-03 -5.8569966240e-03  5.1974103675e-10 -7.1300433474e-10  9.9993187806e-01 -1.0875038600e-02 
 5.3088444423e+07  7.4211895254e-01 -5.2799719916e-02  1.7117425212e-03 -6.2286518545e-03  5.5381725596e-10 -7.8215668802e-10  9.9992356252e-01 -1.1519606914e-02 
 5.6234132519e+07  7.4100987118e-01 -5.2031526247e-02  1.8510086996e-03 -6.6235864344e-03  5.8926278877e-10 -8.5674344079e-10  9.9991423143e-01 -1.2202402587e-02 
 5.9566214353e+07  7.3998025454e-01 -5.1358511040e-02  2.0056903450e-03 -7.0433722913e-03  6.2624231432e-10 -9.3705688879e-10  9.9990376067e-01 -1.2925697200e-02 
 6.3095734448e+07  7.3902524169e-01 -5.0787129085e-02  2.1777067010e-03 -7.4897265105e-03  6.6497131909e-10 -1.0234298381e-09  9.9989201088e-01 -1.3691898158e-02 
 6.6834391757e+07  7.3813967886e-01 -5.0323458802e-02  2.3692146563e-03 -7.9645299991e-03  7.0572041567e-10 -1.1162464293e-09  9.9987882564e-01 -1.4503556967e-02 
 7.0794578438e+07  7.3731820008e-01 -4.9973223026e-02  2.5826351772e-03 -8.4698486860e-03  7.4881969360e-10 -1.2159539202e-09  9.9986402933e-01 -1.5363378046e-02 
 7.4989420933e+07  7.3655529689e-01 -4.9741823070e-02  2.8206827213e-03 -9.0079577332e-03  7.9466336953e-10 -1.3230755762e-09  9.9984742479e-01 -1.6274228115e-02 
 7.9432823472e+07  7.3584537601e-01 -4.9634382992e-02  3.0863979888e-03 -9.5813693326e-03  8.4371503131e-10 -1.4382249147e-09  9.9982879067e-01 -1.7239146203e-02 
 8.4139514165e+07  7.3518280445e-01 -4.9655801261e-02  3.3831843798e-03 -1.0192864774e-02  8.9651379009e-10 -1.5621216534e-09  9.9980787840e-01 -1.8261354321e-02 
 8.9125093813e+07  7.3456194221e-01 -4.9810807288e-02  3.7148485356e-03 -1.0845531602e-02  9.5368167180e-10 -1.6956098140e-09  9.9978440886e-01 -1.9344268853e-02 
 9.4406087629e+07  7.3397716284e-01 -5.0104020715e-02  4.0856453467e-03 -1.1542806812e-02  1.0159325992e-09 -1.8396785473e-09  9.9975806855e-01 -2.0491512732e-02 
 1.0000000000e+08  7.3342286258e-01 -5.0540011699e-02  4.5003278152e-03 -1.2288527239e-02  1.0840833447e-09 -1.9954863614e-09  9.9972850535e-01 -2.1706928459e-02 
 1.0592537252e+08  7.3289345901e-01 -5.1123360809e-02  4.9642021528e-03 -1.3086988437e-02  1.1590668755e-09 -2.1643895726e-09  9.9969532372e-01 -2.2994592045e-02 
 1.1220184543e+08  7.3238337979e-01 -5.1858717529e-02  5.4831884843e-03 -1.3943013648e-02  1.2419485733e-09 -2.3479759520e-09  9.9965807923e-01 -2.4358827955e-02 
 1.1885022274e+08  7.3188704258e-01 -5.2750856605e-02  6.0638875006e-03 -1.4862034666e-02  1.3339458921e-09 -2.5481047309e-09  9.9961627248e-01 -2.5804225152e-02 
 1.2589254118e+08  7.3139882670e-01 -5.3804731798e-02  6.7136533632e-03 -1.5850186780e-02  1.4364521295e-09 -2.7669543503e-09  9.9956934215e-01 -2.7335654344e-02 
 1.3335214322e+08  7.3091303734e-01 -5.5025526789e-02  7.4406730929e-03 -1.6914420331e-02  1.5510651316e-09 -3.0070796215e-09  9.9951665727e-01 -2.8958286555e-02 
 1.4125375446e+08  7.3042386259e-01 -5.6418703243e-02  8.2540525782e-03 -1.8062631875e-02  1.6796219339e-09 -3.2714803070e-09  9.9945750832e-01 -3.0677613162e-02 
 1.4962356561e+08  7.2992532388e-01 -5.7990046180e-02  9.1639091912e-03 -1.9303818468e-02  1.8242405789e-09 -3.5636835577e-09  9.9939109732e-01 -3.2499467550e-02 
 1.5848931925e+08  7.2941121951e-01 -5.9745706998e-02  1.0181470800e-02 -2.0648259232e-02  1.9873706447e-09 -3.8878431772e-09  9.9931652647e-01 -3.4430048569e-02 
 1.6788040181e+08  7.2887506108e-01 -6.1692244502e-02  1.1319180692e-02 -2.2107729032e-02  2.1718543910e-09 -4.2488593460e-09  9.9923278538e-01 -3.6475946003e-02 
 1.7782794100e+08  7.2831000188e-01 -6.3836664120e-02  1.2590807544e-02 -2.3695750007e-02  2.3810008924e-09 -4.6525232737e-09  9.9913873650e-01 -3.8644168294e-02 
 1.8836490895e+08  7.2770875602e-01 -6.6186454990e-02  1.4011559115e-02 -2.5427887617e-02  2.6186761145e-09 -5.1056922905e-09  9.9903309858e-01 -4.0942172800e-02 
 1.9952623150e+08  7.2706350747e-01 -6.8749623966e-02  1.5598197670e-02 -2.7322099059e-02  2.8894126183e-09 -5.6165022126e-09  9.9891442786e-01 -4.3377898928e-02 
 2.1134890398e+08  7.2636580850e-01 -7.1534725361e-02  1.7369154370e-02 -2.9399143222e-02  3.1985434946e-09 -6.1946254848e-09  9.9878109659e-01 -4.5959804522e-02 
 2.2387211386e+08  7.2560646813e-01 -7.4550885855e-02  1.9344638779e-02 -3.1683062932e-02  3.5523662793e-09 -6.8515857367e-09  9.9863126848e-01 -4.8696905959e-02 
 2.3713737057e+08  7.2477543079e-01 -7.7807825212e-02  2.1546738271e-02 -3.4201752066e-02  3.9583440329e-09 -7.6011421060e-09  9.9846287060e-01 -5.1598822518e-02 
 2.5118864315e+08  7.2386164402e-01 -8.1315874300e-02  2.3999500367e-02 -3.6987622207e-02  4.4253525645e-09 -8.4597601689e-09  9.9827356117e-01 -5.4675825647e-02 
 2.6607250598e+08  7.2285291272e-01 -8.5085991531e-02  2.6728988775e-02 -4.0078385927e-02  4.9639850318e-09 -9.4471908062e-09  9.9806069242e-01 -5.7938893910e-02 
 2.8183829313e+08  7.2173573617e-01 -8.9129777577e-02  2.9763301150e-02 -4.3517976561e-02  5.5869279776e-09 -1.0587184145e-08  9.9782126775e-01 -6.1399774540e-02 
 2.9853826189e+08  7.2049512434e-01 -9.3459487128e-02  3.3132533001e-02 -4.7357627582e-02  6.3094264134e-09 -1.1908373293e-08  9.9755189222e-01 -6.5071052727e-02 
 3.1622776602e+08  7.1911439004e-01 -9.8088035869e-02  3.6868667844e-02 -5.1657138400e-02  7.1498600082e-09 -1.3445372490e-08  9.9724871491e-01 -6.8966229975e-02 
 3.3496543916e+08  7.1757491367e-01 -1.0302900086e-01  4.1005368062e-02 -5.6486357836e-02  8.1304580109e-09 -1.5240147368e-08  9.9690736182e-01 -7.3099813214e-02 
 3.5481338923e+08  7.1585587686e-01 -1.0829661249e-01  4.5577634045e-02 -6.1926921587e-02  9.2781874861e-09 -1.7343732293e-08  9.9652285718e-01 -7.7487416662e-02 
 3.7583740429e+08  7.1393396015e-01 -1.1390573594e-01  5.0621290392e-02 -6.8074286078e-02  1.0625858120e-08 -1.9818392771e-08  9.9608953103e-01 -8.2145878950e-02 
 3.9810717055e+08  7.1178299936e-01 -1.1987183977e-01  5.6172247017e-02 -7.5040108237e-02  1.2213497634e-08 -2.2740361737e-08  9.9560090976e-01 -8.7093398591e-02 
 4.2169650343e+08  7.0937359345e-01 -1.2621094829e-01  6.2265469138e-02 -8.2955029464e-02  1.4090065154e-08 -2.6203320128e-08  9.9504958618e-01 -9.2349691638e-02 
 4.4668359215e+08  7.0667265569e-01 -1.3293957369e-01  6.8933572577e-02 -9.1971932705e-02  1.6315586283e-08 -3.0322848501e-08  9.9442706391e-01 -9.7936176359e-02 
 4.7315125896e+08  7.0364289781e-01 -1.4007462220e-01  7.6204938319e-02 -1.0226975498e-01  1.8963813465e-08 -3.5242153524e-08  9.9372357022e-01 -1.0387619101e-01 
 5.0118723363e+08  7.0024223479e-01 -1.4763326704e-01  8.4101211198e-02 -1.1405795474e-01  2.2125539094e-08 -4.1139479137e-08  9.9292782897e-01 -1.1019525240e-01 
 5.3088444423e+08  6.9642309529e-01 -1.5563277836e-01  9.2634009465e-02 -1.2758175579e-01  2.5912716637e-08 -4.8237759048e-08  9.9202678317e-01 -1.1692136525e-01 
 5.6234132519e+08  6.9213161936e-01 -1.6409029707e-01  1.0180062113e-01 -1.4312831887e-01  3.0463576480e-08 -5.6817272381e-08  9.9100525320e-01 -1.2408539487e-01 
 5.9566214353e+08  6.8730672093e-01 -1.7302253489e-01  1.1157839403e-01 -1.6103403202e-01  3.5948956393e-08 -6.7232353202e-08  9.8984551168e-01 -1.3172151995e-01 
 6.3095734448e+08  6.8187898782e-01 -1.8244537652e-01  1.2191743106e-01 -1.8169316439e-01  4.2580097206e-08 -7.9933615089e-08  9.8852674971e-01 -1.3986778699e-01 
 6.6834391757e+08  6.7576938606e-01 -1.9237335118e-01  1.3273106728e-01 -2.0556820268e-01  5.0618173698e-08 -9.5497740354e-08  9.8702439937e-01 -1.4856679507e-01 
 7.0794578438e+08  6.6888772817e-01 -2.0281892834e-01  1.4388341175e-01 -2.3320229093e-01  6.0385820965e-08 -1.1466773573e-07  9.8530926396e-01 -1.5786654916e-01 
 7.4989420933e+08  6.6113085754e-01 -2.1379157512e-01  1.5517295237e-01 -2.6523433479e-01  7.2280844194e-08 -1.3840780316e-07  9.8334638739e-01 -1.6782153340e-01 
 7.9432823472e+08  6.5238049224e-01 -2.2529648920e-01  1.6631079788e-01 -3.0241752380e-01  8.6792100755e-08 -1.6797881975e-07  9.8109356463e-01 -1.7849407410e-01 
 8.4139514165e+08  6.4250066326e-01 -2.3733288696e-01  1.7689148660e-01 -3.4564228751e-01  1.0451709844e-07 -2.0504318452e-07  9.7849935037e-01 -1.8995608835e-01 
 8.9125093813e+08  6.3133467553e-01 -2.4989168005e-01  1.8635329781e-01 -3.9596505518e-01  1.2617993718e-07 -2.5181198275e-07  9.7550035456e-01 -2.0229135099e-01 
 9.4406087629e+08  6.1870151766e-01 -2.6295230800e-01  1.9392344219e-01 -4.5464465687e-01  1.5264640731e-07 -3.1125386946e-07  9.7201750542e-01 -2.1559846537e-01 
 1.0000000000e+09  6.0439165401e-01 -2.7647840361e-01  1.9854101867e-01 -5.2318880434e-01  1.8492952669e-07 -3.8739514491e-07  9.6795078765e-01 -2.2999479989e-01 
 1.0592537252e+09  5.8816215877e-01 -2.9041184233e-01  1.9874657330e-01 -6.0341381545e-01  2.2417195833e-07 -4.8575647427e-07  9.6317167908e-01 -2.4562176157e-01 
 1.1220184543e+09  5.6973121281e-01 -3.0466455476e-01  1.9252035801e-01 -6.9752151057e-01  2.7157842448e-07 -6.1399748752e-07  9.5751202893e-01 -2.6265193575e-01 
 1.1885022274e+09  5.4877210624e-01 -3.1910724832e-01  1.7703990004e-01 -8.0819771210e-01  3.2824494960e-07 -7.8288285651e-07  9.5074728639e-01 -2.8129884080e-01 
 1.2589254118e+09  5.2490711821e-01 -3.3355387693e-01  1.4830735196e-01 -9.3873613924e-01  3.9477890826e-07 -1.0077543343e-06  9.4257049040e-01 -3.0183033707e-01 
 1.3335214322e+09  4.9770205566e-01 -3.4774030549e-01  1.0056062837e-01 -1.0931872779e+00  4.7049477180e-07 -1.3108140272e-06  9.3255064620e-01 -3.2458705047e-01 
 1.4125375446e+09  4.6666294420e-01 -3.6129515205e-01  2.5313924463e-02 -1.2765173191e+00  5.5173781873e-07 -1.7247331224e-06  9.2006372635e-01 -3.5000730936e-01 
 1.4962356561e+09  4.3123756756e-01 -3.7370031664e-01 -9.0260238824e-02 -1.4947185993e+00  6.2837156818e-07 -2.2984641989e-06  9.0417365715e-01 -3.7865923191e-01 
 1.5848931925e+09  3.9082652520e-01 -3.8423840410e-01 -2.6616634501e-01 -1.7546844968e+00  6.7626100757e-07 -3.1067582815e-06  8.8341766202e-01 -4.1127583940e-01 
 1.6788040181e+09  3.4481159060e-01 -3.9192454823e-01 -5.3476869806e-01 -2.0632749528e+00  6.4061484209e-07 -4.2658605740e-06  8.5539943979e-01 -4.4877010276e-01 
 1.7782794100e+09  2.9261377490e-01 -3.9542195060e-01 -9.5067867128e-01 -2.4237733198e+00  3.9724751582e-07 -5.9588018335e-06  8.1597652572e-01 -4.9213549901e-01 
 1.8836490895e+09  2.3379966403e-01 -3.9294546189e-01 -1.6102105240e+00 -2.8237729447e+00 -3.4301691054e-07 -8.4708813239e-06  7.5755732807e-01 -5.4186334246e-01 
 1.9952623150e+09  1.6826106695e-01 -3.8216843779e-01 -2.6885963738e+00 -3.1933168186e+00 -2.2848306858e-06 -1.2204706713e-05  6.6548341186e-01 -5.9539403944e-01 
 2.1134890398e+09  9.6495595710e-02 -3.6016723615e-01 -4.4887295330e+00 -3.2549991548e+00 -7.2126387851e-06 -1.7431480517e-05  5.1152853230e-01 -6.3643187351e-01 
 2.2387211386e+09  2.0010558775e-02 -3.2345981509e-01 -7.2769438290e+00 -2.0304528162e+00 -1.9264120804e-05 -2.2319224520e-05  2.5753021788e-01 -5.9372551907e-01 
 2.3713737057e+09 -5.8092057666e-02 -2.6822845242e-01 -9.4352270120e+00  2.5798545696e+00 -4.1172641802e-05 -1.5233581948e-05 -9.2093084116e-03 -2.7435075359e-01 
 2.5118864315e+09 -1.3235361025e-01 -1.9122182043e-01 -5.8983182916e+00  8.0605534678e+00 -4.9608768346e-05  1.4490773535e-05  1.5156022160e-01  2.2075941368e-01 
 2.6607250598e+09 -1.9537264103e-01 -9.1342029062e-02 -5.5658577599e-01  7.9807153429e+00 -3.2849560248e-05  3.4772952297e-05  5.5917188221e-01  3.2068974034e-01 
 2.8183829313e+09 -2.3853152041e-01  2.9736750782e-02  1.9305954070e+00  5.7134273829e+00 -1.5980334486e-05  3.8582657200e-05  7.9144497464e-01  1.9899403634e-01 
 2.9853826189e+09 -2.5310768285e-01  1.6608388821e-01  2.6937375133e+00  3.7422525563e+00 -4.6006884174e-06  3.6763953370e-05  8.9068560370e-01  6.6965702974e-02 
 3.1622776602e+09 -2.3320373517e-01  3.0730421266e-01  2.7515223959e+00  2.3160801512e+00  3.1622161651e-06  3.3447881339e-05  9.3098958868e-01 -3.9730636731e-02 
 3.3496543916e+09 -1.7830301029e-01  4.4063399608e-01  2.5175692774e+00  1.3182071935e+00  8.6796724067e-06  2.9669790088e-05  9.4515099506e-01 -1.2478849056e-01 
 3.5481338923e+09 -9.3923761261e-02  5.5441022454e-01  2.1683149940e+00  6.3825501649e-01  1.2607091424e-05  2.5755704187e-05  9.4652420239e-01 -1.9494399439e-01 
 3.7583740429e+09  1.0138866370e-02  6.4116400229e-01  1.7925467710e+00  1.9433533286e-01  1.5293786986e-05  2.1903184678e-05  9.4084589631e-01 -2.5513191908e-01 
 3.9810717055e+09  1.2293250081e-01  6.9877756076e-01  1.4382198793e+00 -7.7804056169e-02  1.6994054441e-05  1.8270428882e-05  9.3074087133e-01 -3.0859598631e-01 
 4.2169650343e+09  2.3508891614e-01  7.2956898334e-01  1.1287612633e+00 -2.2991991517e-01  1.7933960570e-05  1.4966782716e-05  9.1746356355e-01 -3.5744637849e-01 
 4.4668359215e+09  3.4016442925e-01  7.3836129024e-01  8.7179679970e-01 -3.0238532836e-01  1.8316060971e-05  1.2045056641e-05  9.0161928535e-01 -4.0307039836e-01 
 4.7315125896e+09  4.3465947708e-01  7.3067188348e-01  6.6563894285e-01 -3.2493748561e-01  1.8309890662e-05  9.5101483890e-06  8.8348588178e-01 -4.4638965067e-01 
 5.0118723363e+09  5.1733792814e-01  7.1156049300e-01  5.0407023215e-01 -3.1821614716e-01  1.8046999954e-05  7.3355854892e-06  8.6316751016e-01 -4.8801677201e-01 
 5.3088444423e+09  5.8840605509e-01  6.8513035821e-01  3.7942076138e-01 -2.9579872312e-01  1.7623064250e-05  5.4792878220e-06  8.4067316198e-01 -5.2835167375e-01 
 5.6234132519e+09  6.4883893514e-01  6.5445605241e-01  2.8424627115e-01 -2.6619479464e-01  1.7104082289e-05  3.8947950882e-06  8.1595953198e-01 -5.6764176862e-01 
 5.9566214353e+09  6.9992591801e-01  6.2171610426e-01  2.1206636015e-01 -2.3448736212e-01  1.6533569987e-05  2.5378015934e-06  7.8895623122e-01 -6.0602056246e-01 
 6.3095734448e+09  7.4300386241e-01  5.8838767794e-01  1.5756657463e-01 -2.0354502863e-01  1.5939002788e-05  1.3692344468e-06  7.5958196282e-01 -6.4353309800e-01 
 6.6834391757e+09  7.7932046667e-01  5.5543282232e-01  1.1653950661e-01 -1.7485682909e-01  1.5336896738e-05  3.5621531762e-07  7.2775596492e-01 -6.8015336536e-01 
 7.0794578438e+09  8.0997694762e-01  5.2345065784e-01  8.5724372924e-02 -1.4908077787e-01  1.4736534938e-05 -5.2809801030e-07  6.9340692867e-01 -7.1579685156e-01 
 7.4989420933e+09  8.3591451145e-01  4.9279204425e-01  6.2626154816e-02 -1.2639251974e-01  1.4142582187e-05 -1.3051698682e-06  6.5648052020e-01 -7.5033025826e-01 
 7.9432823472e+09  8.5792255407e-01  4.6364196670e-01  4.5349883874e-02 -1.0670131720e-01  1.3556869365e-05 -1.9919023476e-06  6.1694604593e-01 -7.8357972216e-01 
 8.4139514165e+09  8.7665600089e-01  4.3607697474e-01  3.2462068858e-02 -8.9780841200e-02  1.2979589605e-05 -2.6014398903e-06  5.7480245701e-01 -8.1533842900e-01 
 8.9125093813e+09  8.9265511345e-01  4.1010442280e-01  2.2880291346e-02 -7.5346469465e-02  1.2410090067e-05 -3.1438922173e-06  5.3008367633e-01 -8.4537420796e-01 
 9.4406087629e+09  9.0636452378e-01  3.8568887897e-01  1.5787633733e-02 -6.3099565899e-02  1.1847389857e-05 -3.6269553673e-06  4.8286309717e-01 -8.7343746476e-01 
 1.0000000000e+10  9.1815013715e-01  3.6276967594e-01  1.0567404547e-02 -5.2751680710e-02  1.1290513157e-05 -4.0564339166e-06  4.3325702285e-01 -8.9926962478e-01 
 1.0592537252e+10  9.2831351448e-01  3.4127243114e-01  6.7537929571e-03 -4.4036731764e-02  1.0738696825e-05 -4.4366763503e-06  3.8142678103e-01 -9.2261209246e-01 
 1.1220184543e+10  9.3710381108e-01  3.2111650021e-01  3.9947373224e-03 -3.6716134663e-02  1.0191511237e-05 -4.7709373143e-06  3.2757925380e-01 -9.4321558607e-01 
 1.1885022274e+10  9.4472754219e-01  3.0221970858e-01  2.0240346820e-03 -3.0579914081e-02  9.6489196556e-06 -5.0616790572e-06  2.7196561266e-01 -9.6084957827e-01 
 1.2589254118e+10  9.5135650303e-01  2.8450127352e-01  6.4039033743e-04 -2.5445628997e-02  9.1112927570e-06 -5.3108218431e-06  2.1487813369e-01 -9.7531147084e-01 
 1.3335214322e+10  9.5713416313e-01  2.6788353211e-01 -3.0833900242e-04 -2.1156204991e-02  8.5793897404e-06 -5.5199505184e-06  1.5664508544e-01 -9.8643506502e-01 
 1.4125375446e+10  9.6218081894e-01  2.5229288861e-01 -9.3701965843e-04 -1.7577313576e-02  8.0543143817e-06 -5.6904822544e-06  9.7623819954e-02 -9.9409786680e-01 
 1.4962356561e+10  9.6659774579e-01  2.3766025771e-01 -1.3322113453e-03 -1.4594662585e-02  7.5374528165e-06 -5.8237989533e-06  3.8192339964e-02 -9.9822679335e-01 
 1.5848931925e+10  9.7047054774e-01  2.2392118840e-01 -1.5589614269e-03 -1.2111394929e-02  7.0303990408e-06 -5.9213469325e-06 -2.1260254708e-02 -9.9880192397e-01 
 1.6788040181e+10  9.7387186611e-01  2.1101579093e-01 -1.6659643578e-03 -1.0045693682e-02  6.5348737188e-06 -5.9847062240e-06 -8.0343937651e-02 -9.9585805848e-01 
 1.7782794100e+10  9.7686357570e-01  1.9888854770e-01 -1.6894891262e-03 -8.3286333900e-03  6.0526415615e-06 -6.0156320027e-06 -1.3867798278e-01 -9.8948399600e-01 
 1.8836490895e+10  9.7949857149e-01  1.8748806090e-01 -1.6563750278e-03 -6.9022845002e-03  5.5854320990e-06 -6.0160711198e-06 -1.9590068208e-01 -9.7981960882e-01 
 1.9952623150e+10  9.8182222763e-01  1.7676677118e-01 -1.5863203033e-03 -5.7180601890e-03  5.1348680171e-06 -5.9881572904e-06 -2.5167803658e-01 -9.6705094174e-01 
 2.1134890398e+10  9.8387359319e-01  1.6668066870e-01 -1.4936320978e-03 -4.7352861504e-03  4.7024043568e-06 -5.9341889915e-06 -3.0571099679e-01 -9.5140369654e-01 
 2.2387211386e+10  9.8568637645e-01  1.5718901002e-01 -1.3885646505e-03 -3.9199705680e-03  4.2892808373e-06 -5.8565944589e-06 -3.5774095631e-01 -9.3313555258e-01 
 2.3713737057e+10  9.8728975823e-01  1.4825404843e-01 -1.2783417748e-03 -3.2437510436e-03  3.8964884508e-06 -5.7578882368e-06 -4.0755334630e-01 -9.1252781849e-01 
 2.5118864315e+10  9.8870906691e-01  1.3984078190e-01 -1.1679367102e-03 -2.6829963631e-03  3.5247504025e-06 -5.6406235204e-06 -4.5497932212e-01 -8.8987690732e-01 
 2.6607250598e+10  9.8996634090e-01  1.3191672046e-01 -1.0606652286e-03 -2.2180428053e-03  3.1745165221e-06 -5.5073440661e-06 -4.9989566099e-01 -8.6548608324e-01 
 2.8183829313e+10  9.9108079942e-01  1.2445167327e-01 -9.5863494025e-04 -1.8325467697e-03  2.8459695390e-06 -5.3605387854e-06 -5.4222309077e-01 -8.3965785208e-01 
 2.9853826189e+10  9.9206923792e-01  1.1741755500e-01 -8.6308394445e-04 -1.5129375657e-03  2.5390411169e-06 -5.2026013736e-06 -5.8192333704e-01 -8.1268727417e-01 
