 frequency         real(s_1_1)       imag(s_1_1)       real(s_2_1)       imag(s_2_1)       real(s_1_2)       imag(s_1_2)       real(s_2_2)       imag(s_2_2)      
 1.0000000000e+07  8.0826521375e-01 -9.2009198959e-02  3.0020505384e-06  1.0883310597e-06  1.8712302764e-13  1.4238261623e-13  9.9999998737e-01 -1.5895618114e-04 
 1.0592537252e+07  8.0484671209e-01 -9.0496610447e-02  3.4104973982e-06  1.1764478390e-06  2.1391089504e-13  1.6252049173e-13  9.9999998582e-01 -1.6837493698e-04 
 1.1220184543e+07  8.0151504085e-01 -8.9010353986e-02  3.8709070879e-06  1.2711041073e-06  2.4455102876e-13  1.8591873432e-13  9.9999998410e-01 -1.7835179106e-04 
 1.1885022274e+07  7.9826127473e-01 -8.7550137017e-02  4.3898166986e-06  1.3728507145e-06  2.7967105049e-13  2.1315120848e-13  9.9999998215e-01 -1.8891981315e-04 
 1.2589254118e+07  7.9507769212e-01 -8.6114308302e-02  4.9746044502e-06  1.4822754684e-06  3.2002135960e-13  2.4488701810e-13  9.9999997998e-01 -2.0011403257e-04 
 1.3335214322e+07  7.9195789366e-01 -8.4700155690e-02  5.6335974546e-06  1.5999993579e-06  3.6650177027e-13  2.8190218205e-13  9.9999997753e-01 -2.1197155435e-04 
 1.4125375446e+07  7.8889686986e-01 -8.3304197663e-02  6.3761927058e-06  1.7266706665e-06  4.2019358965e-13  3.2509108654e-13  9.9999997479e-01 -2.2453168221e-04 
 1.4962356561e+07  7.8589102402e-01 -8.1922463011e-02  7.2129927434e-06  1.8629564346e-06  4.8239788102e-13  3.7547698308e-13  9.9999997172e-01 -2.3783604889e-04 
 1.5848931925e+07  7.8293815665e-01 -8.0550755073e-02  8.1559575352e-06  2.0095306575e-06  5.5468059241e-13  4.3422057677e-13  9.9999996827e-01 -2.5192875415e-04 
 1.6788040181e+07  7.8003741644e-01 -7.9184898573e-02  9.2185742290e-06  2.1670585472e-06  6.3892509496e-13  5.0262552177e-13  9.9999996439e-01 -2.6685651099e-04 
 1.7782794100e+07  7.7718922140e-01 -7.7820967843e-02  1.0416046544e-05  2.3361761495e-06  7.3739245683e-13  5.8213943679e-13  9.9999996005e-01 -2.8266880051e-04 
 1.8836490895e+07  7.7439515302e-01 -7.6455495328e-02  1.1765505715e-05  2.5174645914e-06  8.5278947570e-13  6.7434890712e-13  9.9999995517e-01 -2.9941803597e-04 
 1.9952623150e+07  7.7165782501e-01 -7.5085658670e-02  1.3286245087e-05  2.7114182501e-06  9.8834411914e-13  7.8096689056e-13  9.9999994970e-01 -3.1715973660e-04 
 2.1134890398e+07  7.6898072821e-01 -7.3709443730e-02  1.4999980716e-05  2.9184061623e-06  1.1478876075e-12  9.0381103305e-13  9.9999994357e-01 -3.3595271164e-04 
 2.2387211386e+07  7.6636805393e-01 -7.2325779966e-02  1.6931140651e-05  3.1386260467e-06  1.3359419702e-12  1.0447716567e-12  9.9999993668e-01 -3.5585925538e-04 
 2.3713737057e+07  7.6382449880e-01 -7.0934643913e-02  1.9107186004e-05  3.3720503435e-06  1.5578115818e-12  1.2057686208e-12  9.9999992896e-01 -3.7694535374e-04 
 2.5118864315e+07  7.6135505628e-01 -6.9537126595e-02  2.1558967470e-05  3.6183636931e-06  1.8196770225e-12  1.3886968624e-12  9.9999992029e-01 -3.9928090305e-04 
 2.6607250598e+07  7.5896480138e-01 -6.8135461467e-02  2.4321121618e-05  3.8768912207e-06  2.1286896846e-12  1.5953611411e-12  9.9999991056e-01 -4.2293994193e-04 
 2.8183829313e+07  7.5665867683e-01 -6.6733011163e-02  2.7432512071e-05  4.1465168521e-06  2.4930659302e-12  1.8274012660e-12  9.9999989965e-01 -4.4800089677e-04 
 2.9853826189e+07  7.5444128969e-01 -6.5334213546e-02  3.0936721603e-05  4.4255906159e-06  2.9221803197e-12  2.0862097414e-12  9.9999988740e-01 -4.7454684195e-04 
 3.1622776602e+07  7.5231672719e-01 -6.3944490121e-02  3.4882602169e-05  4.7118234662e-06  3.4266584586e-12  2.3728442238e-12  9.9999987366e-01 -5.0266577534e-04 
 3.3496543916e+07  7.5028839996e-01 -6.2570122358e-02  3.9324890973e-05  5.0021675636e-06  4.0184712792e-12  2.6879372928e-12  9.9999985825e-01 -5.3245091029e-04 
 3.5481338923e+07  7.4835891875e-01 -6.1218103519e-02  4.4324901766e-05  5.2926791847e-06  4.7110339644e-12  3.0316057489e-12  9.9999984095e-01 -5.6400098489e-04 
 3.7583740429e+07  7.4653000853e-01 -5.9895974941e-02  4.9951301697e-05  5.5783604835e-06  5.5193140922e-12  3.4033609078e-12  9.9999982154e-01 -5.9742058958e-04 
 3.9810717055e+07  7.4480246123e-01 -5.8611656227e-02  5.6280985202e-05  5.8529752257e-06  6.4599547820e-12  3.8020202164e-12  9.9999979977e-01 -6.3282051433e-04 
 4.2169650343e+07  7.4317612570e-01 -5.7373278439e-02  6.3400057530e-05  6.1088323673e-06  7.5514195480e-12  4.2256190547e-12  9.9999977534e-01 -6.7031811630e-04 
 4.4668359215e+07  7.4164993156e-01 -5.6189028344e-02  7.1404941720e-05  6.3365299673e-06  8.8141661543e-12  4.6713199513e-12  9.9999974792e-01 -7.1003770952e-04 
 4.7315125896e+07  7.4022194150e-01 -5.5067010131e-02  8.0403624079e-05  6.5246504063e-06  1.0270857022e-11  5.1353147607e-12  9.9999971716e-01 -7.5211097763e-04 
 5.0118723363e+07  7.3888942606e-01 -5.4015129168e-02  9.0517054568e-05  6.6593962182e-06  1.1946613745e-11  5.6127137708e-12  9.9999968265e-01 -7.9667741123e-04 
 5.3088444423e+07  7.3764895391e-01 -5.3041000421e-02  1.0188072006e-04  6.7241539797e-06  1.3869323155e-11  6.0974142926e-12  9.9999964393e-01 -8.4388477131e-04 
 5.6234132519e+07  7.3649649152e-01 -5.2151882393e-02  1.1464641016e-04  6.6989715925e-06  1.6070002273e-11  6.5819400682e-12  9.9999960048e-01 -8.9388958020e-04 
 5.9566214353e+07  7.3542750596e-01 -5.1354635896e-02  1.2898419722e-04  6.5599318487e-06  1.8583229607e-11  7.0572417749e-12  9.9999955173e-01 -9.4685764186e-04 
 6.3095734448e+07  7.3443706583e-01 -5.0655705847e-02  1.4508465460e-04  6.2784022912e-06  2.1447650668e-11  7.5124479140e-12  9.9999949703e-01 -1.0029645932e-03 
 6.6834391757e+07  7.3351993635e-01 -5.0061123440e-02  1.6316133958e-04  5.8201379495e-06  2.4706566487e-11  7.9345543258e-12  9.9999943566e-01 -1.0623964884e-03 
 7.0794578438e+07  7.3267066539e-01 -4.9576525613e-02  1.8345357055e-04  5.1442094254e-06  2.8408615339e-11  8.3080393287e-12  9.9999936679e-01 -1.1253504177e-03 
 7.4989420933e+07  7.3188365836e-01 -4.9207188556e-02  2.0622953085e-04  4.2017238669e-06  3.2608559949e-11  8.6143898776e-12  9.9999928953e-01 -1.1920351644e-03 
 7.9432823472e+07  7.3115324088e-01 -4.8958072062e-02  2.3178973571e-04  2.9343004464e-06  3.7368195159e-11  8.8315220327e-12  9.9999920283e-01 -1.2626718993e-03 
 8.4139514165e+07  7.3047370844e-01 -4.8833871753e-02  2.6047090200e-04  1.2722548719e-06  4.2757394525e-11  8.9330762765e-12  9.9999910555e-01 -1.3374949188e-03 
 8.9125093813e+07  7.2983936337e-01 -4.8839076553e-02  2.9265026489e-04 -8.6756101130e-07  4.8855318596e-11  8.8875646655e-12  9.9999899641e-01 -1.4167524263e-03 
 9.4406087629e+07  7.2924453936e-01 -4.8978029159e-02  3.2875038981e-04 -3.5843285579e-06  5.5751812897e-11  8.6573423014e-12  9.9999887394e-01 -1.5007073604e-03 
 1.0000000000e+08  7.2868361422e-01 -4.9254987660e-02  3.6924453238e-04 -6.9963166277e-06  6.3549030030e-11  8.1973699767e-12  9.9999873652e-01 -1.5896382737e-03 
 1.0592537252e+08  7.2815101194e-01 -4.9674186872e-02  4.1466260388e-04 -1.1244511125e-05  7.2363318105e-11  7.4537278772e-12  9.9999858234e-01 -1.6838402645e-03 
 1.1220184543e+08  7.2764119475e-01 -5.0239898280e-02  4.6559780431e-04 -1.6496926925e-05  8.2327427215e-11  6.3618316433e-12  9.9999840934e-01 -1.7836259646e-03 
 1.1885022274e+08  7.2714864611e-01 -5.0956487842e-02  5.2271399002e-04 -2.2953729341e-05  9.3593097338e-11  4.8442915629e-12  9.9999821522e-01 -1.8893265878e-03 
 1.2589254118e+08  7.2666784563e-01 -5.1828471153e-02  5.8675384698e-04 -3.0853315975e-05  1.0633410544e-10  2.8083427567e-12  9.9999799741e-01 -2.0012930415e-03 
 1.3335214322e+08  7.2619323645e-01 -5.2860565767e-02  6.5854794527e-04 -4.0479537834e-05  1.2074986730e-10  1.4275835953e-13  9.9999775302e-01 -2.1198971069e-03 
 1.4125375446e+08  7.2571918569e-01 -5.4057740654e-02  7.3902475350e-04 -5.2170271778e-05  1.3706971180e-10 -3.2858618133e-12  9.9999747879e-01 -2.2455326911e-03 
 1.4962356561e+08  7.2523993853e-01 -5.5425263013e-02  8.2922169440e-04 -6.6327595668e-05  1.5555797287e-10 -7.6375587314e-12  9.9999717109e-01 -2.3786171572e-03 
 1.5848931925e+08  7.2474956565e-01 -5.6968742828e-02  9.3029732392e-04 -8.3429864046e-05  1.7652007883e-10 -1.3104399231e-11  9.9999682582e-01 -2.5195927358e-03 
 1.6788040181e+08  7.2424190400e-01 -5.8694175594e-02  1.0435447147e-03 -1.0404603719e-04  2.0030986214e-10 -1.9916977360e-11  9.9999643841e-01 -2.6689280255e-03 
 1.7782794100e+08  7.2371048992e-01 -6.0607983478e-02  1.1704061207e-03 -1.2885268121e-04  2.2733836694e-10 -2.8352277028e-11  9.9999600369e-01 -2.8271195868e-03 
 1.8836490895e+08  7.2314848350e-01 -6.2717054681e-02  1.3124889926e-03 -1.5865413329e-04  2.5808449995e-10 -3.8743199154e-11  9.9999551590e-01 -2.9946936369e-03 
 1.9952623150e+08  7.2254858331e-01 -6.5028780122e-02  1.4715833990e-03 -1.9440641613e-04  2.9310795726e-10 -5.1490129706e-11  9.9999496854e-01 -3.1722078528e-03 
 2.1134890398e+08  7.2190293116e-01 -6.7551086348e-02  1.6496808927e-03 -2.3724559196e-04  3.3306496889e-10 -6.7075017695e-11  9.9999435433e-01 -3.3602532900e-03 
 2.2387211386e+08  7.2120300755e-01 -7.0292464181e-02  1.8489948333e-03 -2.8852137252e-04  3.7872754245e-10 -8.6078550162e-11  9.9999366512e-01 -3.5594564260e-03 
 2.3713737057e+08  7.2043951807e-01 -7.3261993942e-02  2.0719821420e-03 -3.4983695196e-04  4.3100706449e-10 -1.0920116228e-10  9.9999289171e-01 -3.7704813378e-03 
 2.5118864315e+08  7.1960226985e-01 -7.6469368998e-02  2.3213664145e-03 -4.2309620802e-04  4.9098334370e-10 -1.3728881490e-10  9.9999202382e-01 -3.9940320257e-03 
 2.6607250598e+08  7.1868003542e-01 -7.9924919014e-02  2.6001622518e-03 -5.1055962858e-04  5.5994046885e-10 -1.7136472250e-10  9.9999104989e-01 -4.2308548929e-03 
 2.8183829313e+08  7.1766040028e-01 -8.3639633118e-02  2.9117005793e-03 -6.1491057104e-04  6.3941122402e-10 -2.1266854000e-10  9.9998995695e-01 -4.4817413971e-03 
 2.9853826189e+08  7.1652959073e-01 -8.7625182009e-02  3.2596546159e-03 -7.3933376123e-04  7.3123227958e-10 -2.6270494130e-10  9.9998873041e-01 -4.7475308879e-03 
 3.1622776602e+08  7.1527227847e-01 -9.1893937600e-02  3.6480660105e-03 -8.8760829717e-04  8.3761299157e-10 -3.2330408056e-10  9.9998735393e-01 -5.0291136482e-03 
 3.3496543916e+08  7.1387135861e-01 -9.6458988762e-02  4.0813704899e-03 -1.0642178566e-03  9.6122143726e-10 -3.9669716389e-10  9.9998580912e-01 -5.3274341601e-03 
 3.5481338923e+08  7.1230769752e-01 -1.0133415189e-01  4.5644221334e-03 -1.2744813352e-03  1.1052923477e-09 -4.8561133929e-10  9.9998407535e-01 -5.6434946181e-03 
 3.7583740429e+08  7.1055984551e-01 -1.0653397492e-01  5.1025151181e-03 -1.5247077898e-03  1.2737629462e-09 -5.9338942299e-10  9.9998212945e-01 -5.9783587186e-03 
 3.9810717055e+08  7.0860370886e-01 -1.1207373305e-01  5.7014014294e-03 -1.8223803648e-03  1.4714444666e-09 -7.2414174529e-10  9.9997994536e-01 -6.3331557570e-03 
 4.2169650343e+08  7.0641217383e-01 -1.1796941400e-01  6.3673026089e-03 -2.1763748876e-03  1.7042394508e-09 -8.8293979100e-10  9.9997749382e-01 -6.7090850738e-03 
 4.4668359215e+08  7.0395467398e-01 -1.2423768976e-01  7.1069130823e-03 -2.5972201046e-03  1.9794179954e-09 -1.0760645762e-09  9.9997474195e-01 -7.1074208947e-03 
 4.7315125896e+08  7.0119669026e-01 -1.3089587055e-01  7.9273919572e-03 -3.0974081894e-03  2.3059702095e-09 -1.3113271960e-09  9.9997165275e-01 -7.5295176261e-03 
 5.0118723363e+08  6.9809917052e-01 -1.3796183568e-01  8.8363393588e-03 -3.6917663317e-03  2.6950576068e-09 -1.5984852068e-09  9.9996818466e-01 -7.9768156763e-03 
 5.3088444423e+08  6.9461785268e-01 -1.4545393343e-01  9.8417523298e-03 -4.3979031251e-03  3.1605935144e-09 -1.9497872162e-09  9.9996429089e-01 -8.4508478953e-03 
 5.6234132519e+08  6.9070247140e-01 -1.5339083979e-01  1.0951953976e-02 -5.2367474035e-03  3.7199925463e-09 -2.3806903314e-09  9.9995991880e-01 -8.9532467494e-03 
 5.9566214353e+08  6.8629582390e-01 -1.6179136166e-01  1.2175487749e-02 -6.2332025859e-03  4.3951427847e-09 -2.9108126005e-09  9.9995500911e-01 -9.4857523799e-03 
 6.3095734448e+08  6.8133266429e-01 -1.7067416480e-01  1.3520966337e-02 -7.4169471227e-03  5.2136730159e-09 -3.5652077070e-09  9.9994949506e-01 -1.0050221746e-02 
 6.6834391757e+08  6.7573838859e-01 -1.8005739908e-01  1.4996861214e-02 -8.8234222682e-03  6.2106132988e-09 -4.3760856893e-09  9.9994330136e-01 -1.0648639110e-02 
 7.0794578438e+08  6.6942746344e-01 -1.8995818238e-01  1.6611213973e-02 -1.0495063598e-02  7.4305834415e-09 -5.3851571122e-09  9.9993634308e-01 -1.1283128226e-02 
 7.4989420933e+08  6.6230154051e-01 -2.0039188897e-01  1.8371243250e-02 -1.2482854644e-02  8.9306952683e-09 -6.6468579373e-09  9.9992852429e-01 -1.1955966715e-02 
 7.9432823472e+08  6.5424718525e-01 -2.1137116555e-01  2.0282809921e-02 -1.4848313160e-02  1.0784427886e-08 -8.2328326838e-09  9.9991973650e-01 -1.2669603297e-02 
 8.4139514165e+08  6.4513313341e-01 -2.2290456614e-01  2.2349685938e-02 -1.7666068129e-02  1.3086841211e-08 -1.0238237542e-08  9.9990985683e-01 -1.3426678873e-02 
 8.9125093813e+08  6.3480697184e-01 -2.3499465070e-01  2.4572544932e-02 -2.1027257223e-02  1.5961648498e-08 -1.2790711149e-08  9.9989874582e-01 -1.4230052817e-02 
 9.4406087629e+08  6.2309112294e-01 -2.4763532622e-01  2.6947548860e-02 -2.5044083728e-02  1.9570899955e-08 -1.6063313034e-08  9.9988624481e-01 -1.5082836578e-02 
 1.0000000000e+09  6.0977799872e-01 -2.6080811364e-01  2.9464333712e-02 -2.9856042245e-02  2.4128379819e-08 -2.0293458846e-08  9.9987217269e-01 -1.5988437691e-02 
 1.0592537252e+09  5.9462418637e-01 -2.7447688747e-01  3.2103079188e-02 -3.5638593599e-02  2.9918360077e-08 -2.5811082317e-08  9.9985632186e-01 -1.6950619028e-02 
 1.1220184543e+09  5.7734354646e-01 -2.8858043878e-01  3.4830148028e-02 -4.2615512839e-02  3.7322208856e-08 -3.3081280234e-08  9.9983845302e-01 -1.7973580973e-02 
 1.1885022274e+09  5.5759917092e-01 -3.0302193277e-01  3.7591436886e-02 -5.1076882512e-02  4.6856740334e-08 -4.2770211550e-08  9.9981828825e-01 -1.9062079067e-02 
 1.2589254118e+09  5.3499430479e-01 -3.1765393742e-01  4.0301970516e-02 -6.1406013357e-02  5.9230526471e-08 -5.5849315378e-08  9.9979550144e-01 -2.0221598422e-02 
 1.3335214322e+09  5.0906266255e-01 -3.3225715154e-01  4.2829150568e-02 -7.4120968434e-02  7.5428474682e-08 -7.3764607280e-08  9.9976970451e-01 -2.1458622344e-02 
 1.4125375446e+09  4.7925920771e-01 -3.4651022423e-01  4.4964923151e-02 -8.9940966433e-02  9.6842491643e-08 -9.8720518153e-08  9.9974042637e-01 -2.2781064133e-02 
 1.4962356561e+09  4.4495365577e-01 -3.5994712511e-01  4.6377791836e-02 -1.0989731440e-01  1.2548076877e-07 -1.3417420401e-07  9.9970707877e-01 -2.4198995812e-02 
 1.5848931925e+09  4.0543111734e-01 -3.7189748679e-01  4.6526245682e-02 -1.3552900413e-01  1.6431930240e-07 -1.8573764751e-07  9.9966889695e-01 -2.5725950040e-02 
 1.6788040181e+09  3.5990807547e-01 -3.8140454164e-01  4.4493254404e-02 -1.6925177032e-01  2.1793122567e-07 -2.6292447466e-07  9.9962482738e-01 -2.7381411021e-02 
 1.7782794100e+09  3.0757823980e-01 -3.8711567193e-01  3.8644503020e-02 -2.1511751868e-01  2.9371589894e-07 -3.8280463286e-07  9.9957329341e-01 -2.9196004568e-02 
 1.8836490895e+09  2.4771283862e-01 -3.8714448569e-01  2.5843562966e-02 -2.8056525927e-01  4.0460381231e-07 -5.7849531725e-07  9.9951164115e-01 -3.1223577447e-02 
 1.9952623150e+09  1.7985401120e-01 -3.7891583707e-01 -6.4638647930e-04 -3.8113627810e-01  5.7608211612e-07 -9.2204412956e-07  9.9943459064e-01 -3.3573911504e-02 
 2.1134890398e+09  1.0415513485e-01 -3.5903774533e-01 -5.8228135610e-02 -5.5642214403e-01  8.6937066671e-07 -1.6016438069e-06  9.9932869576e-01 -3.6523662466e-02 
 2.2387211386e+09  2.1923751609e-02 -3.2333437792e-01 -2.1029664626e-01 -9.4932266773e-01  1.4942352283e-06 -3.3051205393e-06  9.9914195402e-01 -4.1068608089e-02 
 2.3713737057e+09 -6.3680156343e-02 -2.6791156134e-01 -1.0357790442e+00 -2.8145919021e+00  4.1691502413e-06 -1.2152502583e-05  9.9827002349e-01 -5.5994990199e-02 
 2.5118864315e+09 -1.4612248250e-01 -1.8105148725e-01  1.3774466893e+00  2.8697589441e+00 -4.2704814596e-06  1.5108437908e-05  9.9960823616e-01 -1.8705925117e-02 
 2.6607250598e+09 -2.1669854910e-01 -7.1972529523e-02  6.0911719997e-01  8.7905561842e-01 -9.4676369843e-07  6.0142001068e-06  9.9937697276e-01 -3.4434606400e-02 
 2.8183829313e+09 -2.6302049839e-01  6.4799471501e-02  4.4453021941e-01  4.6345026475e-01 -1.5145301891e-07  4.2266046362e-06  9.9920504270e-01 -3.9522528788e-02 
 2.9853826189e+09 -2.7312611023e-01  2.1988545066e-01  3.6162180646e-01  2.6974219705e-01  3.1703491407e-07  3.4301603208e-06  9.9905616138e-01 -4.3234506908e-02 
 3.1622776602e+09 -2.3960845983e-01  3.7828872662e-01  3.0111931054e-01  1.5362765826e-01  6.6874320815e-07  2.9231577454e-06  9.9890723337e-01 -4.6593654095e-02 
 3.3496543916e+09 -1.6360266499e-01  5.2222743537e-01  2.4880323407e-01  7.7918720120e-02  9.4278068424e-07  2.5213549636e-06  9.9874938731e-01 -4.9884568385e-02 
 3.5481338923e+09 -5.5113924489e-02  6.3700463112e-01  2.0166921713e-01  2.8596478329e-02  1.1456941826e-06  2.1678346461e-06  9.9857770258e-01 -5.3222496088e-02 
 3.7583740429e+09  7.0912928459e-02  7.1544091846e-01  1.6006423341e-01 -1.9703300163e-03  1.2820560346e-06  1.8493646189e-06  9.9838855399e-01 -5.6666716851e-02 
 3.9810717055e+09  1.9996539124e-01  7.5829794267e-01  1.2475899640e-01 -1.9321195511e-02  1.3614232527e-06  1.5665624055e-06  9.9817872152e-01 -6.0253838486e-02 
 4.2169650343e+09  3.2151673855e-01  7.7154291837e-01  9.5931001101e-02 -2.7821192852e-02  1.3968474485e-06  1.3214451222e-06  9.9794502116e-01 -6.4010065040e-02 
 4.4668359215e+09  4.2981057025e-01  7.6297619578e-01  7.3100354337e-02 -3.0768664051e-02  1.4015384453e-06  1.1134776369e-06  9.9768411902e-01 -6.7956467198e-02 
 4.7315125896e+09  5.2288319447e-01  7.3990657325e-01  5.5405540054e-02 -3.0480377233e-02  1.3866133649e-06  9.3956662384e-07  9.9739241767e-01 -7.2111517645e-02 
 5.0118723363e+09  6.0111936812e-01  7.0814092995e-01  4.1880695134e-02 -2.8474738916e-02  1.3603642205e-06  7.9522566560e-07  9.9706597244e-01 -7.6492424011e-02 
 5.3088444423e+09  6.6605911881e-01  6.7184970964e-01  3.1626598491e-02 -2.5689089954e-02  1.3284774052e-06  6.7564314256e-07  9.9670041978e-01 -8.1115883200e-02 
 5.6234132519e+09  7.1963260666e-01  6.3382531394e-01  2.3883649066e-02 -2.2670858749e-02  1.2946099243e-06  5.7632707432e-07  9.9629090907e-01 -8.5998536481e-02 
 5.9566214353e+09  7.6374919553e-01  5.9583475505e-01  1.8044848272e-02 -1.9720595085e-02  1.2609817002e-06  4.9338756642e-07  9.9583203312e-01 -9.1157260287e-02 
 6.3095734448e+09  8.0011449798e-01  5.5893486750e-01  1.3640611507e-02 -1.6989244180e-02  1.2288542114e-06  4.2359751428e-07  9.9531775481e-01 -9.6609362017e-02 
 6.6834391757e+09  8.3017358390e-01  5.2371304184e-01  1.0314349866e-02 -1.4540469837e-02  1.1988759472e-06  3.6434410554e-07  9.9474132768e-01 -1.0237271818e-01 
 7.0794578438e+09  8.5511555964e-01  4.9045688937e-01  7.7979783320e-03 -1.2389040382e-02  1.1713164611e-06  3.1353926381e-07  9.9409520925e-01 -1.0846587569e-01 
 7.4989420933e+09  8.7590334671e-01  4.5926836414e-01  5.8908783705e-03 -1.0523802643e-02  1.1462188903e-06  2.6952395336e-07  9.9337096552e-01 -1.1490812841e-01 
 7.9432823472e+09  8.9331037124e-01  4.3013827564e-01  4.4431031643e-03 -8.9210977063e-03  1.1234967551e-06  2.3098151963e-07  9.9255916569e-01 -1.2171957552e-01 
 8.4139514165e+09  9.0795585212e-01  4.0299391978e-01  3.3424808949e-03 -7.5523908750e-03  1.1029941346e-06  1.9686497530e-07  9.9164926584e-01 -1.2892116586e-01 
 8.9125093813e+09  9.2033551437e-01  3.7772898945e-01  2.5049194876e-03 -6.3884602970e-03  1.0845223379e-06  1.6633839522e-07  9.9062948046e-01 -1.3653472983e-01 
 9.4406087629e+09  9.3084700901e-01  3.5422201487e-01  1.8671992967e-03 -5.4015698399e-03  1.0678817208e-06  1.3873071660e-07  9.8948664062e-01 -1.4458299968e-01 
 1.0000000000e+10  9.3981037965e-01  3.3234747221e-01  1.3816427959e-03 -4.5664810974e-03  1.0528742244e-06  1.1349974947e-07  9.8820603774e-01 -1.5308961767e-01 
 1.0592537252e+10  9.4748428984e-01  3.1198225323e-01  1.0121778818e-03 -3.8608120542e-03  1.0393101773e-06  9.0204301115e-08  9.8677125171e-01 -1.6207913110e-01 
 1.1220184543e+10  9.5407878411e-01  2.9300922949e-01  7.3142757565e-04 -3.2650410016e-03  1.0270115937e-06  6.8482626181e-08  9.8516396227e-01 -1.7157697243e-01 
 1.1885022274e+10  9.5976528618e-01  2.7531901946e-01  5.1855324323e-04 -2.7623295170e-03  1.0158133636e-06  4.8035758869e-08  9.8336374263e-01 -1.8160942207e-01 
 1.2589254118e+10  9.6468442594e-01  2.5881066340e-01  3.5765091939e-04 -2.3382641927e-03  1.0055632062e-06  2.8614596829e-08  9.8134783442e-01 -1.9220355102e-01 
 1.3335214322e+10  9.6895217353e-01  2.4339165199e-01  2.3655435213e-04 -1.9805729565e-03  9.9612092147e-07  1.0009866363e-08  9.7909090314e-01 -2.0338713961e-01 
 1.4125375446e+10  9.7266465808e-01  2.2897758897e-01  1.4593802440e-04 -1.6788460782e-03  9.8735727312e-07 -7.9556948846e-09  9.7656477378e-01 -2.1518856821e-01 
 1.4962356561e+10  9.7590196573e-01  2.1549166230e-01  7.8642252426e-05 -1.4242769599e-03  9.7915269934e-07 -2.5433441510e-08  9.7373814648e-01 -2.2763667486e-01 
 1.5848931925e+10  9.7873114462e-01  2.0286403105e-01  2.9163370881e-05 -1.2094292222e-03  9.7139597159e-07 -4.2553591694e-08  9.7057629265e-01 -2.4076057425e-01 
 1.6788040181e+10  9.8120859264e-01  1.9103119218e-01 -6.7328301013e-06 -1.0280317932e-03  9.6398286895e-07 -5.9428955013e-08  9.6704073271e-01 -2.5458943140e-01 
 1.7782794100e+10  9.8338196341e-01  1.7993536462e-01 -3.2305251163e-05 -8.7480114158e-04  9.5681490600e-07 -7.6157835182e-08  9.6308889762e-01 -2.6915218284e-01 
 1.8836490895e+10  9.8529169484e-01  1.6952391067e-01 -5.0062040130e-05 -7.4528852722e-04  9.4979813352e-07 -9.2826273119e-08  9.5867377726e-01 -2.8447719718e-01 
 1.9952623150e+10  9.8697224099e-01  1.5974880464e-01 -6.1932534128e-05 -6.3574962024e-04  9.4284202138e-07 -1.0950975543e-07  9.5374356039e-01 -3.0059186605e-01 
 2.1134890398e+10  9.8845306953e-01  1.5056615176e-01 -6.9399268893e-05 -5.4303373791e-04  9.3585842728e-07 -1.2627448290e-07  9.4824127274e-01 -3.1752211584e-01 
 2.2387211386e+10  9.8975947358e-01  1.4193575712e-01 -7.3599571148e-05 -4.6449006210e-04  9.2876065317e-07 -1.4317827034e-07  9.4210442183e-01 -3.3529183011e-01 
 2.3713737057e+10  9.9091323550e-01  1.3382074175e-01 -7.5403905349e-05 -3.9788842471e-04  9.2146259120e-07 -1.6027113146e-07  9.3526465989e-01 -3.5392217203e-01 
 2.5118864315e+10  9.9193317232e-01  1.2618720229e-01 -7.5476401353e-05 -3.4135251246e-04  9.1387796258e-07 -1.7759558914e-07  9.2764747944e-01 -3.7343079655e-01 
 2.6607250598e+10  9.9283558616e-01  1.1900391011e-01 -7.4321685200e-05 -2.9330361266e-04  9.0591965534e-07 -1.9518674176e-07  9.1917195955e-01 -3.9383094235e-01 
 2.8183829313e+10  9.9363463770e-01  1.1224204557e-01 -7.2321155769e-05 -2.5241327702e-04  8.9749917010e-07 -2.1307210878e-07  9.0975058514e-01 -4.1513039507e-01 
 2.9853826189e+10  9.9434265750e-01  1.0587496357e-01 -6.9761111340e-05 -2.1756351367e-04  8.8852618708e-07 -2.3127127473e-07  8.9928916628e-01 -4.3733031542e-01 
