 frequency         real(s_1_1)       imag(s_1_1)       real(s_2_1)       imag(s_2_1)       real(s_1_2)       imag(s_1_2)       real(s_2_2)       imag(s_2_2)       real(NF)          real(NFmin)       real(Rn)          real(SOpt)        imag(SOpt)       
 2.4000000000e+09  8.5793703179e-01 -4.3012630943e-02 -3.7887725642e+00  1.4102656537e+00 -1.7403802201e-05 -5.4507018630e-06  4.0116734957e-01  9.1544908558e-01  2.1130564638e+00  1.4921669048e+00  2.5320014256e+01  4.8561231574e-01  1.8103559221e-02 
 2.4083500000e+09  8.5886406675e-01 -4.6868297456e-02 -3.7786389830e+00  1.4294868476e+00 -1.7557691961e-05 -5.4391236708e-06  4.0426068113e-01  9.1408234953e-01  2.1097082209e+00  1.4837586695e+00  2.5325203733e+01  4.8786436166e-01  2.0590775494e-02 
 2.4167000000e+09  8.5962636740e-01 -5.0773110126e-02 -3.7680559473e+00  1.4485470751e+00 -1.7710910643e-05 -5.4260067532e-06  4.0733466210e-01  9.1271169813e-01  2.1068470664e+00  1.4763823053e+00  2.5330416632e+01  4.8983658675e-01  2.3118749707e-02 
 2.4250500000e+09  8.6022058112e-01 -5.4716123645e-02 -3.7570282425e+00  1.4674184954e+00 -1.7863359347e-05 -5.4114249745e-06  4.1038941717e-01  9.1133725358e-01  2.1044829402e+00  1.4700757028e+00  2.5335649428e+01  4.9151705045e-01  2.5678876020e-02 
 2.4334000000e+09  8.6064432954e-01 -5.8686109428e-02 -3.7455631581e+00  1.4860736422e+00 -1.8014945874e-05 -5.3954608542e-06  4.1342507059e-01  9.0995913617e-01  2.1026232377e+00  1.4648696963e+00  2.5340898559e+01  4.9289599110e-01  2.8262189475e-02 
 2.4417500000e+09  8.6089623598e-01 -6.2671664553e-02 -3.7336704367e+00  1.5044857010e+00 -1.8165585660e-05 -5.3782047902e-06  4.1644174611e-01  9.0857746419e-01  2.1012727408e+00  1.4607875392e+00  2.5346160452e+01  4.9396601626e-01  3.0859477405e-02 
 2.4501000000e+09  8.6097593825e-01 -6.6661323497e-02 -3.7213621859e+00  1.5226287774e+00 -1.8315202591e-05 -5.3597541659e-06  4.1943956704e-01  9.0719235402e-01  2.1004335831e+00  1.4578445163e+00  2.5351431553e+01  4.9472224543e-01  3.3461397899e-02 
 2.4584500000e+09  8.6088408652e-01 -7.0643670364e-02 -3.7086527571e+00  1.5404781510e+00 -1.8463729703e-05 -5.3402123569e-06  4.2241865618e-01  9.0580392014e-01  2.1001052490e+00  1.4560477071e+00  2.5356708356e+01  4.9516239900e-01  3.6058601954e-02 
 2.4668000000e+09  8.6062232651e-01 -7.4607449326e-02 -3.6955585910e+00  1.5580105100e+00 -1.8611109731e-05 -5.3196876615e-06  4.2537913586e-01  9.0441227513e-01  2.1002846072e+00  1.4553959116e+00  2.5361987427e+01  4.9528683000e-01  3.8641855738e-02 
 2.4751500000e+09  8.6019326844e-01 -7.8541671053e-02 -3.6820980357e+00  1.5752041613e+00 -1.8757295516e-05 -5.2982921748e-06  4.2832112789e-01  9.0301752975e-01  2.1009659769e+00  1.4558797386e+00  2.5367265436e+01  4.9509849716e-01  4.1202159351e-02 
 2.4835000000e+09  8.5960044275e-01 -8.2435713064e-02 -3.6682911410e+00  1.5920392132e+00 -1.8902250255e-05 -5.2761406327e-06  4.3124475359e-01  9.0161979290e-01  2.1021412256e+00  1.4574818549e+00  2.5372539174e+01  4.9460288081e-01  4.3730858650e-02 
