 frequency         real(s_2_2)       imag(s_2_2)       real(s_1_1)       imag(s_1_1)      
 2.4000000000e+09  9.9900393977e-01 -2.3701766084e-02  8.5638947987e-01 -4.2209322014e-02 
 2.4083500000e+09  9.9899605961e-01 -2.3828932299e-02  8.5731156642e-01 -4.6048487738e-02 
 2.4167000000e+09  9.9898815109e-01 -2.3955921748e-02  8.5806934316e-01 -4.9936756748e-02 
 2.4250500000e+09  9.9898021455e-01 -2.4082735773e-02  8.5865945925e-01 -5.3863211829e-02 
 2.4334000000e+09  9.9897225035e-01 -2.4209375721e-02  8.5907953550e-01 -5.7816652626e-02 
 2.4417500000e+09  9.9896425886e-01 -2.4335842941e-02  8.5932819185e-01 -6.1785704287e-02 
 2.4501000000e+09  9.9895624047e-01 -2.4462138792e-02  8.5940506018e-01 -6.5758928901e-02 
 2.4584500000e+09  9.9894819560e-01 -2.4588264637e-02  8.5931078225e-01 -6.9724937438e-02 
 2.4668000000e+09  9.9894012467e-01 -2.4714221855e-02  8.5904699300e-01 -7.3672499919e-02 
 2.4751500000e+09  9.9893202811e-01 -2.4840011834e-02  8.5861628968e-01 -7.7590651591e-02 
 2.4835000000e+09  9.9892390634e-01 -2.4965635973e-02  8.5802218771e-01 -8.1468793050e-02 
