 frequency         real(s_1_1)       imag(s_1_1)       real(s_2_1)       imag(s_2_1)       real(s_1_2)       imag(s_1_2)       real(s_2_2)       imag(s_2_2)       real(NF)          real(NFmin)       real(Rn)          real(SOpt)        imag(SOpt)       
 2.4000000000e+09  9.5343084593e-01 -3.9005255964e-02 -4.0282778275e+00  1.6342766241e+00 -1.8282687951e-05 -5.7772334118e-06  4.0117041672e-01  9.1544754455e-01  1.7676480839e+00  4.5165977253e-01  2.4571916579e+01  8.0793940739e-01  1.8106889774e-02 
 2.4083500000e+09  9.5334808366e-01 -3.9074968427e-02 -4.0177788294e+00  1.6463383939e+00 -1.8422362905e-05 -5.7997646150e-06  4.0426374342e-01  9.1408085957e-01  1.7675755184e+00  4.5168487461e-01  2.4570554594e+01  8.0791811826e-01  1.8203654807e-02 
 2.4167000000e+09  9.5326575378e-01 -3.9144369627e-02 -4.0072511933e+00  1.6582762872e+00 -1.8562566481e-05 -5.8222466664e-06  4.0733772345e-01  9.1271026109e-01  1.7675027685e+00  4.5171035176e-01  2.4569188336e+01  8.0789664591e-01  1.8300270218e-02 
 2.4250500000e+09  9.5318385418e-01 -3.9213464439e-02 -3.9966961503e+00  1.6700910829e+00 -1.8703298436e-05 -5.8446792288e-06  4.1039248164e-01  9.1133587108e-01  1.7674298341e+00  4.5173620101e-01  2.4567817816e+01  8.0787499153e-01  1.8396737186e-02 
 2.4334000000e+09  9.5310238274e-01 -3.9282257668e-02 -3.9861149107e+00  1.6817835630e+00 -1.8844558529e-05 -5.8670619679e-06  4.1342814236e-01  9.0995780952e-01  1.7673567154e+00  4.5176241943e-01  2.4566443039e+01  8.0785315631e-01  1.8493056873e-02 
 2.4417500000e+09  9.5302133733e-01 -3.9350754056e-02 -3.9755086643e+00  1.6933545119e+00 -1.8986346517e-05 -5.8893945524e-06  4.1644482947e-01  9.0857619441e-01  1.7672834124e+00  4.5178900413e-01  2.4565064015e+01  8.0783114142e-01  1.8589230423e-02 
 2.4501000000e+09  9.5294071582e-01 -3.9418958280e-02 -3.9648785806e+00  1.7048047167e+00 -1.9128662162e-05 -5.9116766540e-06  4.1944266634e-01  9.0719114185e-01  1.7672099250e+00  4.5181595229e-01  2.4563680752e+01  8.0780894800e-01  1.8685258963e-02 
 2.4584500000e+09  9.5286051609e-01 -3.9486874952e-02 -3.9542258088e+00  1.7161349664e+00 -1.9271505224e-05 -5.9339079475e-06  4.2242177581e-01  9.0580276599e-01  1.7671362535e+00  4.5184326111e-01  2.4562293256e+01  8.0778657719e-01  1.8781143607e-02 
 2.4668000000e+09  9.5278073600e-01 -3.9554508623e-02 -3.9435514788e+00  1.7273460519e+00 -1.9414875466e-05 -5.9560881101e-06  4.2538228022e-01  9.0441117913e-01  1.7670623977e+00  4.5187092786e-01  2.4560901536e+01  8.0776403009e-01  1.8876885449e-02 
 2.4751500000e+09  9.5270137342e-01 -3.9621863782e-02 -3.9328567003e+00  1.7384387659e+00 -1.9558772650e-05 -5.9782168221e-06  4.2832430138e-01  9.0301649170e-01  1.7669883579e+00  4.5189894984e-01  2.4559505600e+01  8.0774130780e-01  1.8972485569e-02 
 2.4835000000e+09  9.5262242622e-01 -3.9688944855e-02 -3.9221425643e+00  1.7494139024e+00 -1.9703196542e-05 -6.0002937667e-06  4.3124796056e-01  9.0161881232e-01  1.7669141340e+00  4.5192732440e-01  2.4558105456e+01  8.0771841139e-01  1.9067945031e-02 
