 frequency         real(s_1_1)       imag(s_1_1)       real(s_2_1)       imag(s_2_1)       real(s_1_2)       imag(s_1_2)       real(s_2_2)       imag(s_2_2)      
 1.0000000000e+07  8.1058897598e-01 -8.7471981391e-02  1.2185445841e-02  5.0062337974e-04  8.4431193032e-10  3.0314355199e-10  8.1969243185e-01 -5.7280390687e-01 
 1.0592537252e+07  8.0728625525e-01 -8.5841443413e-02  1.3703992480e-02  1.2029419294e-04  9.6536273347e-10  3.2778819530e-10  7.9980589701e-01 -6.0025871537e-01 
 1.1220184543e+07  8.0406920490e-01 -8.4232120410e-02  1.5380560511e-02 -3.6265640877e-04  1.1036425800e-09  3.5375168925e-10  7.7798196933e-01 -6.2828660126e-01 
 1.1885022274e+07  8.0092905080e-01 -8.2643178568e-02  1.7227017260e-02 -9.6647417706e-04  1.2617839529e-09  3.8079974144e-10  7.5408967977e-01 -6.5677146133e-01 
 1.2589254118e+07  7.9785821450e-01 -8.1072461978e-02  1.9255172696e-02 -1.7119486478e-03  1.4428422043e-09  4.0851606647e-10  7.2800206643e-01 -6.8557493273e-01 
 1.3335214322e+07  7.9485042061e-01 -7.9516782162e-02  2.1476513903e-02 -2.6226263358e-03  1.6503497942e-09  4.3622711336e-10  6.9959952314e-01 -7.1453516627e-01 
 1.4125375446e+07  7.9190075523e-01 -7.7972199993e-02  2.3901883948e-02 -3.7250015390e-03  1.8883678505e-09  4.6290464555e-10  6.6877365916e-01 -7.4346606439e-01 
 1.4962356561e+07  7.8900568155e-01 -7.6434294732e-02  2.6541103875e-02 -5.0486715097e-03  2.1615296236e-09  4.8704274663e-10  6.3543162620e-01 -7.7215713683e-01 
 1.5848931925e+07  7.8616301889e-01 -7.4898416929e-02  2.9402539498e-02 -6.6264408725e-03  2.4750684532e-09  5.0650670811e-10  5.9950082707e-01 -8.0037413331e-01 
 1.6788040181e+07  7.8337188996e-01 -7.3359923409e-02  3.2492618481e-02 -8.4943588473e-03  2.8348208413e-09  5.1835295062e-10  5.6093387156e-01 -8.2786060787e-01 
 1.7782794100e+07  7.8063264015e-01 -7.1814393375e-02  3.5815307934e-02 -1.0691672422e-02  3.2471934388e-09  5.1862180932e-10  5.1971359247e-01 -8.5434055011e-01 
 1.8836490895e+07  7.7794673145e-01 -7.0257824639e-02  3.9371568130e-02 -1.3260679521e-02  3.7190816180e-09  5.0210875199e-10  4.7585788230e-01 -8.7952218226e-01 
 1.9952623150e+07  7.7531661268e-01 -6.8686808499e-02  4.3158803697e-02 -1.6246468841e-02  4.2577273571e-09  4.6212429435e-10  4.2942406504e-01 -9.0310296489e-01 
 2.1134890398e+07  7.7274556771e-01 -6.7098680839e-02  4.7170339147e-02 -1.9696537660e-02  4.8705059520e-09  3.9025818088e-10  3.8051248412e-01 -9.2477577932e-01 
 2.2387211386e+07  7.7023754362e-01 -6.5491646142e-02  5.1394950222e-02 -2.3660285745e-02  5.5646350752e-09  2.7616866185e-10  3.2926897580e-01 -9.4423616440e-01 
 2.3713737057e+07  7.6779696213e-01 -6.3864870484e-02  5.5816485303e-02 -2.8188392350e-02  6.3468061352e-09  1.0742197957e-10  2.7588591302e-01 -9.6119038482e-01 
 2.5118864315e+07  7.6542851903e-01 -6.2218539664e-02  6.0413611275e-02 -3.3332093665e-02  7.2227465598e-09 -1.3059064986e-10  2.2060155340e-01 -9.7536400805e-01 
 2.6607250598e+07  7.6313697800e-01 -6.0553879369e-02  6.5159714936e-02 -3.9142389186e-02  8.1967317989e-09 -4.5463233267e-10  1.6369750882e-01 -9.8651057791e-01 
 2.8183829313e+07  7.6092696657e-01 -5.8873135893e-02  7.0022983884e-02 -4.5669215995e-02  9.2710761861e-09 -8.8347497147e-10  1.0549426883e-01 -9.9441990913e-01 
 2.9853826189e+07  7.5880278278e-01 -5.7179518016e-02  7.4966679906e-02 -5.2960638434e-02  1.0445640576e-08 -1.4376172573e-09  4.6344848014e-02 -9.9892549965e-01 
 3.1622776602e+07  7.5676822089e-01 -5.5477103090e-02  7.9949603778e-02 -6.1062105720e-02  1.1717399948e-08 -2.1388676867e-09 -1.3373224263e-02 -9.9991057536e-01 
 3.3496543916e+07  7.5482642365e-01 -5.3770712719e-02  8.4926734545e-02 -7.0015830361e-02  1.3080114339e-08 -3.0098095179e-09 -7.3267212882e-02 -9.9731234885e-01 
 3.5481338923e+07  7.5297976690e-01 -5.2065765298e-02  8.9850010260e-02 -7.9860335267e-02  1.4524140568e-08 -4.0731799939e-09 -1.3293930894e-01 -9.9112418515e-01 
 3.7583740429e+07  7.5122978002e-01 -5.0368113935e-02  9.4669203183e-02 -9.0630207122e-02  1.6036410498e-08 -5.3512090124e-09 -1.9199703274e-01 -9.8139551410e-01 
 3.9810717055e+07  7.4957710325e-01 -4.8683878707e-02  9.9332832077e-02 -1.0235607894e-01  1.7600585283e-08 -6.8649703348e-09 -2.5006332994e-01 -9.6822949394e-01 
 4.2169650343e+07  7.4802148054e-01 -4.7019281803e-02  1.0378904931e-01 -1.1506484728e-01  1.9197376550e-08 -8.6337998189e-09 -3.0678581181e-01 -9.5177859537e-01 
 4.4668359215e+07  7.4656178438e-01 -4.5380493060e-02  1.0798644132e-01 -1.2878011146e-01  2.0805007641e-08 -1.0674829589e-08 -3.6184466939e-01 -9.3223842011e-01 
 4.7315125896e+07  7.4519606781e-01 -4.3773491865e-02  1.1187468762e-01 -1.4352280554e-01  2.2399773498e-08 -1.3002675403e-08 -4.1495890953e-01 -9.0984017747e-01 
 5.0118723363e+07  7.4392163746e-01 -4.2203949563e-02  1.1540503491e-01 -1.5931198043e-01  2.3956648779e-08 -1.5629298672e-08 -4.6589070262e-01 -8.8484230650e-01 
 5.3088444423e+07  7.4273514148e-01 -4.0677134695e-02  1.1853055724e-01 -1.7616568516e-01  2.5449891121e-08 -1.8564047212e-08 -5.1444777956e-01 -8.5752174656e-01 
 5.6234132519e+07  7.4163266622e-01 -3.9197841698e-02  1.2120618841e-01 -1.9410189276e-01  2.6853590102e-08 -2.1813862456e-08 -5.6048395242e-01 -8.2816532937e-01 
 5.9566214353e+07  7.4060983608e-01 -3.7770342230e-02  1.2338852811e-01 -2.1313941794e-01  2.8142121043e-08 -2.5383627711e-08 -6.0389794656e-01 -7.9706170034e-01 
 6.3095734448e+07  7.3966191187e-01 -3.6398357240e-02  1.2503543501e-01 -2.3329877930e-01  2.9290474578e-08 -2.9276623434e-08 -6.4463081362e-01 -7.6449408676e-01 
 6.6834391757e+07  7.3878388401e-01 -3.5085047109e-02  1.2610542983e-01 -2.5460296733e-01  3.0274445780e-08 -3.3495051795e-08 -6.8266224160e-01 -7.3073413031e-01 
 7.0794578438e+07  7.3797055773e-01 -3.3833016765e-02  1.2655693650e-01 -2.7707808915e-01  3.1070678814e-08 -3.8040593712e-08 -7.1800609222e-01 -6.9603690108e-01 
 7.4989420933e+07  7.3721662867e-01 -3.2644332553e-02  1.2634739183e-01 -3.0075387078e-01  3.1656573101e-08 -4.2914965925e-08 -7.5070548244e-01 -6.6063712101e-01 
 7.9432823472e+07  7.3651674783e-01 -3.1520547658e-02  1.2543225265e-01 -3.2566400656e-01  3.2010064227e-08 -4.8120452477e-08 -7.8082769270e-01 -6.2474655037e-01 
 8.4139514165e+07  7.3586557585e-01 -3.0462733156e-02  1.2376392657e-01 -3.5184635214e-01  3.2109296955e-08 -5.3660392715e-08 -8.0845913800e-01 -5.8855243681e-01 
 8.9125093813e+07  7.3525782679e-01 -2.9471512033e-02  1.2129064733e-01 -3.7934296253e-01  3.1932209025e-08 -5.9539615776e-08 -8.3370058479e-01 -5.5221689065e-01 
 9.4406087629e+07  7.3468830247e-01 -2.8547093952e-02  1.1795531080e-01 -4.0819997928e-01  3.1456043458e-08 -6.5764818449e-08 -8.5666274453e-01 -5.1587703198e-01 
 1.0000000000e+08  7.3415191836e-01 -2.7689308913e-02  1.1369428210e-01 -4.3846737143e-01  3.0656804468e-08 -7.2344889121e-08 -8.7746232603e-01 -4.7964575137e-01 
 1.0592537252e+08  7.3364372236e-01 -2.6897638385e-02  1.0843617981e-01 -4.7019853374e-01  2.9508668374e-08 -7.9291184845e-08 -8.9621858732e-01 -4.4361293306e-01 
 1.1220184543e+08  7.3315890813e-01 -2.6171242850e-02  1.0210063932e-01 -5.0344974328e-01  2.7983356810e-08 -8.6617771560e-08 -9.1305039408e-01 -4.0784700375e-01 
 1.1885022274e+08  7.3269282435e-01 -2.5508985104e-02  9.4597054834e-02 -5.3827947151e-01  2.6049475223e-08 -9.4341639330e-08 -9.2807376656e-01 -3.7239668909e-01 
 1.2589254118e+08  7.3224098153e-01 -2.4909448998e-02  8.5823297735e-02 -5.7474754490e-01  2.3671815645e-08 -1.0248290537e-07 -9.4139987913e-01 -3.3729288014e-01 
 1.3335214322e+08  7.3179905799e-01 -2.4370953645e-02  7.5664409196e-02 -6.1291414214e-01  2.0810618901e-08 -1.1106501793e-07 -9.5313346546e-01 -3.0255053304e-01 
 1.4125375446e+08  7.3136290633e-01 -2.3891563484e-02  6.3991265527e-02 -6.5283861072e-01  1.7420788055e-08 -1.2011497394e-07 -9.6337157693e-01 -2.6817054385e-01 
 1.4962356561e+08  7.3092856183e-01 -2.3469094946e-02  5.0659217212e-02 -6.9457808047e-01  1.3451041696e-08 -1.2966356313e-07 -9.7220264009e-01 -2.3414155798e-01 
 1.5848931925e+08  7.3049225371e-01 -2.3101120798e-02  3.5506705988e-02 -7.3818584604e-01  8.8429927681e-09 -1.3974565094e-07 -9.7970576069e-01 -2.0044168817e-01 
 1.6788040181e+08  7.3005041987e-01 -2.2784973519e-02  1.8353869258e-02 -7.8370948490e-01  3.5301357555e-09 -1.5040051242e-07 -9.8595022549e-01 -1.6704012724e-01 
 1.7782794100e+08  7.2959972521e-01 -2.2517749056e-02 -9.9885243121e-04 -8.3118867208e-01 -2.5632779219e-09 -1.6167222917e-07 -9.9099515795e-01 -1.3389865167e-01 
 1.8836490895e+08  7.2913708309e-01 -2.2296312069e-02 -2.2772080700e-02 -8.8065264756e-01 -9.5234995332e-09 -1.7361016164e-07 -9.9488928959e-01 -1.0097301990e-01 
 1.9952623150e+08  7.2865967956e-01 -2.2117303255e-02 -4.7208802905e-02 -9.3211728807e-01 -1.7448704397e-08 -1.8626950937e-07 -9.9767081478e-01 -6.8214275005e-02 
 2.1134890398e+08  7.2816500013e-01 -2.1977149188e-02 -7.4575566830e-02 -9.8558173134e-01 -2.6450605688e-08 -1.9971197255e-07 -9.9936730291e-01 -3.5569966029e-02 
 2.2387211386e+08  7.2765085966e-01 -2.1872075575e-02 -1.0516350473e-01 -1.0410244993e+00 -3.6656296165e-08 -2.1400652908e-07 -9.9999564763e-01 -2.9853051745e-03 
 2.3713737057e+08  7.2711543513e-01 -2.1798125904e-02 -1.3928910790e-01 -1.0983990657e+00 -4.8210359008e-08 -2.2923034184e-07 -9.9956203865e-01  2.9595719475e-02 
 2.5118864315e+08  7.2655729979e-01 -2.1751187945e-02 -1.7729465254e-01 -1.1576288144e+00 -6.1277295576e-08 -2.4546981183e-07 -9.9806194727e-01  6.2229254891e-02 
 2.6607250598e+08  7.2597545559e-01 -2.1727029785e-02 -2.1954815309e-01 -1.2186013404e+00 -7.6044325502e-08 -2.6282179273e-07 -9.9548012208e-01  9.4970496015e-02 
 2.8183829313e+08  7.2536935941e-01 -2.1721345243e-02 -2.6644268997e-01 -1.2811620518e+00 -9.2724623079e-08 -2.8139498234e-07 -9.9179059675e-01  1.2787257894e-01 
 2.9853826189e+08  7.2473893951e-01 -2.1729806638e-02 -3.1839492568e-01 -1.3451070520e+00 -1.1156106376e-07 -3.0131150618e-07 -9.8695671737e-01  1.6098543307e-01 
 3.1622776602e+08  7.2408459905e-01 -2.1748121457e-02 -3.7584258736e-01 -1.4101753034e+00 -1.3283056579e-07 -3.2270870686e-07 -9.8093120208e-01  1.9435457213e-01 
 3.3496543916e+08  7.2340720483e-01 -2.1772088652e-02 -4.3924065620e-01 -1.4760401138e+00 -1.5684912460e-07 -3.4574115121e-07 -9.7365625177e-01  2.2801980574e-01 
 3.5481338923e+08  7.2270806062e-01 -2.1797649639e-02 -5.0905596679e-01 -1.5423000388e+00 -1.8397765199e-07 -3.7058286325e-07 -9.6506373630e-01  2.6201385611e-01 
 3.7583740429e+08  7.2198886560e-01 -2.1820928613e-02 -5.8575988576e-01 -1.6084693595e+00 -2.1462874730e-07 -3.9742978642e-07 -9.5507548702e-01  2.9636086840e-01 
 3.9810717055e+08  7.2125165977e-01 -2.1838256542e-02 -6.6981871274e-01 -1.6739683886e+00 -2.4927454497e-07 -4.2650247133e-07 -9.4360373226e-01  3.3107480858e-01 
 4.2169650343e+08  7.2049876005e-01 -2.1846173241e-02 -7.6168143582e-01 -1.7381139634e+00 -2.8845580026e-07 -4.5804897631e-07 -9.3055171865e-01  3.6615775010e-01 
 4.4668359215e+08  7.1973269211e-01 -2.1841402439e-02 -8.6176448483e-01 -1.8001106236e+00 -3.3279239360e-07 -4.9234795620e-07 -9.1581456627e-01  4.0159805939e-01 
 4.7315125896e+08  7.1895612467e-01 -2.1820795540e-02 -9.7043317080e-01 -1.8590431212e+00 -3.8299545215e-07 -5.2971190081e-07 -8.9928041014e-01  4.3736850230e-01 
 5.0118723363e+08  7.1817181399e-01 -2.1781240961e-02 -1.0879795898e+00 -1.9138710876e+00 -4.3988130482e-07 -5.7049046758e-07 -8.8083188275e-01  4.7342430729e-01 
 5.3088444423e+08  7.1738256754e-01 -2.1719537098e-02 -1.2145969172e+00 -1.9634268566e+00 -5.0438750262e-07 -6.1507383398e-07 -8.6034799245e-01  5.0970123781e-01 
 5.6234132519e+08  7.1659123577e-01 -2.1632228080e-02 -1.3503502377e+00 -2.0064176193e+00 -5.7759114884e-07 -6.6389597586e-07 -8.3770644805e-01  5.4611374528e-01 
 5.9566214353e+08  7.1580074182e-01 -2.1515402142e-02 -1.4951443559e+00 -2.0414332263e+00 -6.6072979210e-07 -7.1743775916e-07 -8.1278647110e-01  5.8255329460e-01 
 6.3095734448e+08  7.1501415909e-01 -2.1364452584e-02 -1.6486894208e+00 -2.0669610414e+00 -7.5522513882e-07 -7.7622971842e-07 -7.8547212175e-01  6.1888697501e-01 
 6.6834391757e+08  7.1423484715e-01 -2.1173800486e-02 -1.8104656695e+00 -2.0814092444e+00 -8.6270983993e-07 -8.4085439083e-07 -7.5565614136e-01  6.5495652960e-01 
 7.0794578438e+08  7.1346665851e-01 -2.0936576632e-02 -1.9796891382e+00 -2.0831398345e+00 -9.8505760167e-07 -9.1194808636e-07 -7.2324428374e-01  6.9057795295e-01 
 7.4989420933e+08  7.1271423131e-01 -2.0644257072e-02 -2.1552807704e+00 -2.0705122730e+00 -1.1244168644e-06 -9.9020201164e-07 -6.8816006745e-01  7.2554181700e-01 
 7.9432823472e+08  7.1198338897e-01 -2.0286242324e-02 -2.3358419170e+00 -2.0419381614e+00 -1.2832482961e-06 -1.0763627413e-06 -6.5034983467e-01  7.5961448572e-01 
 8.4139514165e+08  7.1128167692e-01 -1.9849363930e-02 -2.5196397067e+00 -1.9959465812e+00 -1.4643663698e-06 -1.1712321611e-06 -6.0978794926e-01  7.9254036632e-01 
 8.9125093813e+08  7.1061908179e-01 -1.9317293675e-02 -2.7046060667e+00 -1.9312587037e+00 -1.6709853611e-06 -1.2756672153e-06 -5.6648191276e-01  8.2404531535e-01 
 9.4406087629e+08  7.1000900367e-01 -1.8669819485e-02 -2.8883541978e+00 -1.8468690635e+00 -1.9067702476e-06 -1.3905801048e-06 -5.2047712595e-01  8.5384126937e-01 
 1.0000000000e+09  7.0946959242e-01 -1.7881937503e-02 -3.0682159658e+00 -1.7421295534e+00 -2.1758932809e-06 -1.5169400500e-06 -4.7186098344e-01  8.8163210172e-01 
 1.0592537252e+09  7.0902562620e-01 -1.6922691689e-02 -3.2413029018e+00 -1.6168308763e+00 -2.4830975333e-06 -1.6557784082e-06 -4.2076596635e-01  9.0712062068e-01 
 1.1220184543e+09  7.0871122282e-01 -1.5753672002e-02 -3.4045923202e+00 -1.4712750438e+00 -2.8337696836e-06 -1.8081999322e-06 -3.6737140123e-01  9.3001652522e-01 
 1.1885022274e+09  7.0857386688e-01 -1.4327065222e-02 -3.5550385879e+00 -1.3063317047e+00 -3.2340260429e-06 -1.9754044130e-06 -3.1190358900e-01  9.5004503096e-01 
 1.2589254118e+09  7.0868057281e-01 -1.2583157013e-02 -3.6897080799e+00 -1.1234707220e+00 -3.6908190148e-06 -2.1587251126e-06 -2.5463407749e-01  9.6695578176e-01 
 1.3335214322e+09  7.0912760809e-01 -1.0447260951e-02 -3.8059353092e+00 -9.2476339800e-01 -4.2120772165e-06 -2.3596935660e-06 -1.9587595593e-01  9.8053158498e-01 
 1.4125375446e+09  7.1005631104e-01 -7.8263420050e-03 -3.9014978264e+00 -7.1284452166e-01 -4.8069043397e-06 -2.5801447707e-06 -1.3597818195e-01  9.9059646326e-01 
 1.4962356561e+09  7.1167961699e-01 -4.6065013345e-03 -3.9748097459e+00 -4.9082548397e-01 -5.4858859994e-06 -2.8223819927e-06 -7.5318099859e-02  9.9702251409e-01 
 1.5848931925e+09  7.1432783907e-01 -6.5510382532e-04 -4.0251392591e+00 -2.6214122725e-01 -6.2616050357e-06 -3.0894223377e-06 -1.4292458315e-02  9.9973511524e-01 
 1.6788040181e+09  7.1852954107e-01  4.1611405631e-03 -4.0528643024e+00 -3.0291249029e-02 -7.1495773863e-06 -3.3853245136e-06  4.6692633895e-02  9.9871610956e-01 
 1.7782794100e+09  7.2515546683e-01  9.9089336239e-03 -4.0597852680e+00  2.0162686057e-01 -8.1700655924e-06 -3.7154857995e-06  1.0723227833e-01  9.9400473849e-01 
 1.8836490895e+09  7.3566480137e-01  1.6374672678e-02 -4.0494690115e+00  4.3185243721e-01 -9.3517325351e-06 -4.0863074682e-06  1.6693330010e-01  9.8569625452e-01 
 1.9952623150e+09  7.5244629727e-01  2.2426288807e-02 -4.0272856642e+00  6.6199111048e-01 -1.0738836671e-05 -4.5017551686e-06  2.2542412570e-01  9.7393830815e-01 
 2.1134890398e+09  7.7881091122e-01  2.4268487766e-02 -3.9983263903e+00  9.0120227390e-01 -1.2402432603e-05 -4.9480494340e-06  2.8236349730e-01  9.5892535040e-01 
 2.2387211386e+09  8.1611147253e-01  1.1976863299e-02 -3.9566370760e+00  1.1710607393e+00 -1.4437459883e-05 -5.3451066747e-06  3.3744754322e-01  9.4089141235e-01 
 2.3713737057e+09  8.5206523177e-01 -2.9537967638e-02 -3.8590846175e+00  1.4899874795e+00 -1.6855023765e-05 -5.4807919747e-06  3.9041473571e-01  9.2010187920e-01 
 2.5118864315e+09  8.5486709743e-01 -9.4200545499e-02 -3.6418145381e+00  1.8053797704e+00 -1.9364276306e-05 -5.2031413479e-06  4.4104891285e-01  8.9684541674e-01 
 2.6607250598e+09  8.1929794600e-01 -1.4211193404e-01 -3.3417720138e+00  2.0172248948e+00 -2.1694583206e-05 -4.8232196547e-06  4.8918184172e-01  8.7142569298e-01 
 2.8183829313e+09  7.7729575704e-01 -1.5866452770e-01 -3.0531844481e+00  2.1275606602e+00 -2.4063153128e-05 -4.6664609546e-06  5.3469333215e-01  8.4415132867e-01 
 2.9853826189e+09  7.4597325997e-01 -1.5826401046e-01 -2.8024162580e+00  2.1893379868e+00 -2.6745651696e-05 -4.7102415462e-06  5.7750780213e-01  8.1532781778e-01 
 3.1622776602e+09  7.2522150256e-01 -1.5269198493e-01 -2.5786672444e+00  2.2301165795e+00 -2.9855011303e-05 -4.8444433635e-06  6.1759078654e-01  7.8525165915e-01 
 3.3496543916e+09  7.1151012404e-01 -1.4668611013e-01 -2.3710338423e+00  2.2575857157e+00 -3.3434249552e-05 -4.9973496076e-06  6.5494509987e-01  7.5420497858e-01 
 3.5481338923e+09  7.0213371610e-01 -1.4167893032e-01 -2.1740229003e+00  2.2730480919e+00 -3.7517775776e-05 -5.1297191952e-06  6.8960618614e-01  7.2245110895e-01 
 3.7583740429e+09  6.9543434181e-01 -1.3795590748e-01 -1.9855571901e+00  2.2766048473e+00 -4.2147630108e-05 -5.2170693274e-06  7.2163706822e-01  6.9023140365e-01 
 3.9810717055e+09  6.9043217254e-01 -1.3545763281e-01 -1.8051839321e+00  2.2685140072e+00 -4.7376022083e-05 -5.2399703983e-06  7.5112325442e-01  6.5776320977e-01 
 4.2169650343e+09  6.8653933026e-01 -1.3404530375e-01 -1.6331098828e+00  2.2494047256e+00 -5.3265259769e-05 -5.1794822528e-06  7.7816783467e-01  6.2523885376e-01 
 4.4668359215e+09  6.8339175171e-01 -1.3358237774e-01 -1.4697346225e+00  2.2202096028e+00 -5.9887618424e-05 -5.0148626149e-06  8.0288692418e-01  5.9282547608e-01 
 4.7315125896e+09  6.8075546271e-01 -1.3395570617e-01 -1.3154354001e+00  2.1820526543e+00 -6.7325557033e-05 -4.7221813495e-06  8.2540555722e-01  5.6066554791e-01 
 5.0118723363e+09  6.7847412747e-01 -1.3507752439e-01 -1.1704756736e+00  2.1361512537e+00 -7.5672262697e-05 -4.2732526518e-06  8.4585408746e-01  5.2887790816e-01 
 5.3088444423e+09  6.7643902970e-01 -1.3688208098e-01 -1.0349748639e+00  2.0837419487e+00 -8.5032452266e-05 -3.6346255339e-06  8.6436511355e-01  4.9755917207e-01 
 5.6234132519e+09  6.7457139383e-01 -1.3932139343e-01 -9.0890840951e-01  2.0260280110e+00 -9.5523377444e-05 -2.7665060172e-06  8.8107091924e-01  4.6678538116e-01 
 5.9566214353e+09  6.7281165436e-01 -1.4236146489e-01 -7.9212230851e-01  1.9641443557e+00 -1.0727599970e-04 -1.6215376422e-06  8.9610139596e-01  4.3661378492e-01 
 6.3095734448e+09  6.7111274227e-01 -1.4597924168e-01 -6.8435379422e-01  1.8991357247e+00 -1.2043631456e-04 -1.4338700178e-07  9.0958240210e-01  4.0708466662e-01 
 6.6834391757e+09  6.6943575531e-01 -1.5016026137e-01 -5.8525363609e-01  1.8319447529e+00 -1.3516681208e-04  1.7349132394e-06  9.2163450542e-01  3.7822314640e-01 
 7.0794578438e+09  6.6774707810e-01 -1.5489686015e-01 -4.9440764710e-01  1.7634072514e+00 -1.5164806257e-04  4.0929122916e-06  9.3237205265e-01  3.5004091318e-01 
 7.4989420933e+09  6.6601640365e-01 -1.6018680817e-01 -4.1135615902e-01  1.6942526236e+00 -1.7008041619e-04  7.0250329268e-06  9.4190251130e-01  3.2253785363e-01 
 7.9432823472e+09  6.6421532576e-01 -1.6603226305e-01 -3.3561091473e-01  1.6251078097e+00 -1.9068580130e-04  1.0643265997e-05  9.5032603248e-01  2.9570355916e-01 
 8.4139514165e+09  6.6231629894e-01 -1.7243895592e-01 -2.6666923124e-01  1.5565035274e+00 -2.1370960062e-04  1.5080334537e-05  9.5773518922e-01  2.6951870283e-01 
 8.9125093813e+09  6.6029183735e-01 -1.7941554484e-01 -2.0402552090e-01  1.4888818822e+00 -2.3942257578e-04  2.0493402836e-05  9.6421485066e-01  2.4395628509e-01 
 9.4406087629e+09  6.5811387048e-01 -1.8697308576e-01 -1.4718038706e-01  1.4226046558e+00 -2.6812279928e-04  2.7068415299e-05  9.6984215910e-01  2.1898275297e-01 
 1.0000000000e+10  6.5575320178e-01 -1.9512458339e-01 -9.5647571957e-02  1.3579617737e+00 -3.0013753870e-04  3.5025159808e-05  9.7468658261e-01  1.9455900046e-01 
 1.0592537252e+10  6.5317903457e-01 -2.0388459223e-01 -4.8959055735e-02  1.2951795973e+00 -3.3582501880e-04  4.4623160486e-05  9.7881002153e-01  1.7064125913e-01 
 1.1220184543e+10  6.5035854204e-01 -2.1326884432e-01 -6.6686005067e-03  1.2344288029e+00 -3.7557596463e-04  5.6168514626e-05  9.8226695104e-01  1.4718188929e-01 
 1.1885022274e+10  6.4725646558e-01 -2.2329388429e-01  3.1645985363e-02  1.1758316910e+00 -4.1981479954e-04  7.0021797598e-05  9.8510458590e-01  1.2413008116e-01 
 1.2589254118e+10  6.4383473231e-01 -2.3397669515e-01  6.6381613829e-02  1.1194688388e+00 -4.6900033695e-04  8.6607166716e-05  9.8736305558e-01  1.0143247575e-01 
 1.3335214322e+10  6.4005208643e-01 -2.4533430021e-01  9.7909494549e-02  1.0653850521e+00 -5.2362576206e-04  1.0642279909e-04  9.8907558014e-01  7.9033714313e-02 
 1.4125375446e+10  6.3586373283e-01 -2.5738332788e-01  1.2657533176e-01  1.0135946067e+00 -5.8421764785e-04  1.3005279763e-04  9.9026863829e-01  5.6876925069e-02 
 1.4962356561e+10  6.3122099465e-01 -2.7013952679e-01  1.5269997625e-01  9.6408579541e-01 -6.5133368902e-04  1.5818069125e-04  9.9096212004e-01  3.4904155979e-02 
 1.5848931925e+10  6.2607098927e-01 -2.8361721947e-01  1.7658039230e-01  9.1682480803e-01 -7.2555876554e-04  1.9160463681e-04  9.9116945737e-01  1.3056762400e-02 
 1.6788040181e+10  6.2035633038e-01 -2.9782868349e-01  1.9849082047e-01  8.7175898762e-01 -8.0749886516e-04  2.3125439779e-04  9.9089772671e-01 -8.7242410049e-03 
 1.7782794100e+10  6.1401486706e-01 -3.1278344944e-01  2.1868403519e-01  8.2881950765e-01 -8.9777230088e-04  2.7821012281e-04  9.9014771827e-01 -3.0497854069e-02 
 1.8836490895e+10  6.0697947418e-01 -3.2848750654e-01  2.3739261100e-01  7.8792352212e-01 -9.9699755643e-04  3.3372287080e-04  9.8891396798e-01 -5.2322779884e-02 
 1.9952623150e+10  5.9917791227e-01 -3.4494240797e-01  2.5483012323e-01  7.4897584147e-01 -1.1057769834e-03  3.9923672106e-04  9.8718474920e-01 -7.4257116938e-02 
 2.1134890398e+10  5.9053277930e-01 -3.6214427046e-01  2.7119221869e-01  7.1187018955e-01 -1.2246754616e-03  4.7641215846e-04  9.8494202248e-01 -9.6358042181e-02 
 2.2387211386e+10  5.8096158071e-01 -3.8008266598e-01  2.8665749932e-01  6.7649009862e-01 -1.3541930268e-03  5.6715022796e-04  9.8216134346e-01 -1.1868147179e-01 
 2.3713737057e+10  5.7037694878e-01 -3.9873940792e-01  3.0138816769e-01  6.4270950230e-01 -1.4947303812e-03  6.7361669880e-04  9.7881173072e-01 -1.4128168554e-01 
 2.5118864315e+10  5.5868704636e-01 -4.1808724025e-01  3.1553038831e-01  6.1039309047e-01 -1.6465461410e-03  7.9826516034e-04  9.7485549733e-01 -1.6421090000e-01 
 2.6607250598e+10  5.4579619364e-01 -4.3808844599e-01  3.2921432349e-01  5.7939649588e-01 -1.8097046705e-03  9.4385758094e-04  9.7024805259e-01 -1.8751877503e-01 
 2.8183829313e+10  5.3160575903e-01 -4.5869340102e-01  3.4255380797e-01  5.4956639019e-01 -1.9840134248e-03  1.1134803969e-03  9.6493768299e-01 -2.1125183754e-01 
 2.9853826189e+10  5.1601535610e-01 -4.7983911152e-01  3.5564563379e-01  5.2074057698e-01 -2.1689489077e-03  1.3105536642e-03  9.5886532479e-01 -2.3545280608e-01 
