 frequency         real(s_1_1)       imag(s_1_1)       real(s_2_1)       imag(s_2_1)       real(s_1_2)       imag(s_1_2)       real(s_2_2)       imag(s_2_2)      
 1.0000000000e+07  8.1006575372e-01 -8.8325967323e-02  1.2165747626e-02  5.1345328066e-04  8.4307170657e-10  3.0342551900e-10  8.1969243185e-01 -5.7280390687e-01 
 1.0592537252e+07  8.0673095108e-01 -8.6706959262e-02  1.3682900276e-02  1.3466274139e-04  9.6399449219e-10  3.2808103648e-10  7.9980589701e-01 -6.0025871537e-01 
 1.1220184543e+07  8.0348204207e-01 -8.5109220995e-02  1.5357975989e-02 -3.4662414103e-04  1.1021270109e-09  3.5405287900e-10  7.7798196933e-01 -6.2828660126e-01 
 1.1885022274e+07  8.0031020137e-01 -8.3531997471e-02  1.7202832282e-02 -9.4864301025e-04  1.2600982958e-09  3.8110701390e-10  7.5408967977e-01 -6.5677146133e-01 
 1.2589254118e+07  7.9720779883e-01 -8.1973195994e-02  1.9229268568e-02 -1.6921723331e-03  1.4409597980e-09  4.0882772896e-10  7.2800206643e-01 -6.8557493273e-01 
 1.3335214322e+07  7.9416851007e-01 -8.0429677580e-02  2.1448760558e-02 -2.6007465775e-03  1.6482396154e-09  4.3654244418e-10  6.9959952314e-01 -7.1453516627e-01 
 1.4125375446e+07  7.9118737734e-01 -7.8897541090e-02  2.3872139041e-02 -3.7008470002e-03  1.8859940580e-09  4.6322438425e-10  6.6877365916e-01 -7.4346606439e-01 
 1.4962356561e+07  7.8826082718e-01 -7.7372394748e-02  2.6509211757e-02 -5.0220567959e-03  2.1588511265e-09  4.8736968098e-10  6.3543162620e-01 -7.7215713682e-01 
 1.5848931925e+07  7.8538665083e-01 -7.5849611707e-02  2.9368330042e-02 -6.5971654876e-03  2.4720385242e-09  5.0684635647e-10  5.9950082707e-01 -8.0037413331e-01 
 1.6788040181e+07  7.8256395240e-01 -7.4324567816e-02  3.2455905725e-02 -8.4622061120e-03  2.8313867988e-09  5.1871433134e-10  5.6093387156e-01 -8.2786060787e-01 
 1.7782794100e+07  7.7979306857e-01 -7.2792860541e-02  3.5775888508e-02 -1.0656408338e-02  3.2432964187e-09  5.1901828017e-10  5.1971359247e-01 -8.5434055010e-01 
 1.8836490895e+07  7.7707546239e-01 -7.1250508031e-02  3.9329219418e-02 -1.3222051562e-02  3.7146564522e-09  5.0255889394e-10  4.7585788230e-01 -8.7952218226e-01 
 1.9952623150e+07  7.7441359287e-01 -6.9694126765e-02  4.3113281690e-02 -1.6204204640e-02  4.2527025674e-09  4.6265280542e-10  4.2942406505e-01 -9.0310296489e-01 
 2.1134890398e+07  7.7181076206e-01 -6.8121085306e-02  4.7121375945e-02 -1.9650343553e-02  4.8648038562e-09  3.9089674013e-10  3.8051248412e-01 -9.2477577932e-01 
 2.2387211386e+07  7.6927094158e-01 -6.6529630742e-02  5.1342251114e-02 -2.3609845125e-02  5.5581719863e-09  2.7695672120e-10  3.2926897581e-01 -9.4423616439e-01 
 2.3713737057e+07  7.6679858187e-01 -6.4918983828e-02  5.5759725392e-02 -2.8133363757e-02  6.3394926155e-09  1.0840744488e-10  2.7588591303e-01 -9.6119038482e-01 
 2.5118864315e+07  7.6439840906e-01 -6.3289398834e-02  6.0352431584e-02 -3.3272108541e-02  7.2144876781e-09 -1.2935087702e-10  2.2060155341e-01 -9.7536400805e-01 
 2.6607250598e+07  7.6207521572e-01 -6.1642184927e-02  6.5093717956e-02 -3.9077049194e-02  8.1874273174e-09 -4.5307196343e-10  1.6369750884e-01 -9.8651057790e-01 
 2.8183829313e+07  7.5983365368e-01 -5.9979687512e-02  6.9951728529e-02 -4.5598089790e-02  9.2606206007e-09 -8.8151807582e-10  1.0549426884e-01 -9.9441990913e-01 
 2.9853826189e+07  7.5767803715e-01 -5.8305230067e-02  7.4889675837e-02 -5.2883257763e-02  1.0433922926e-08 -1.4351781077e-09  4.6344848031e-02 -9.9892549965e-01 
 3.1622776602e+07  7.5561216513e-01 -5.6623019522e-02  7.9866305109e-02 -6.0977960705e-02  1.1704303323e-08 -2.1358506302e-09 -1.3373224243e-02 -9.9991057536e-01 
 3.3496543916e+07  7.5363917031e-01 -5.4938020557e-02  8.4836532897e-02 -6.9924363824e-02  1.3065515023e-08 -3.0061087805e-09 -7.3267212860e-02 -9.9731234885e-01 
 3.5481338923e+07  7.5176140076e-01 -5.3255806162e-02  8.9752227220e-02 -7.9760935923e-02  1.4507906793e-08 -4.0686793019e-09 -1.3293930892e-01 -9.9112418516e-01 
 3.7583740429e+07  7.4998033769e-01 -5.1582393062e-02  9.4563082162e-02 -9.0522201472e-02  1.6018400803e-08 -5.3457809024e-09 -1.9199703272e-01 -9.8139551411e-01 
 3.9810717055e+07  7.4829655062e-01 -4.9924071056e-02  9.9217529649e-02 -1.0223872168e-01  1.7580646502e-08 -6.8584750223e-09 -2.5006332991e-01 -9.6822949395e-01 
 4.2169650343e+07  7.4670968855e-01 -4.8287234945e-02  1.0366362607e-01 -1.1493731004e-01  1.9175341498e-08 -8.6260835011e-09 -3.0678581178e-01 -9.5177859539e-01 
 4.4668359215e+07  7.4521850361e-01 -4.6678226664e-02  1.0784985235e-01 -1.2864146960e-01  2.0780692571e-08 -1.0665722072e-08 -3.6184466936e-01 -9.3223842013e-01 
 4.7315125896e+07  7.4382090234e-01 -4.5103193666e-02  1.1172577272e-01 -1.4337202286e-01  2.2372975434e-08 -1.2991986960e-08 -4.1495890950e-01 -9.0984017749e-01 
 5.0118723363e+07  7.4251401844e-01 -4.3567967774e-02  1.1524250864e-01 -1.5914789142e-01  2.3927142827e-08 -1.5616816053e-08 -4.6589070259e-01 -8.8484230653e-01 
 5.3088444423e+07  7.4129430080e-01 -4.2077966854e-02  1.1835299901e-01 -1.7598697463e-01  2.5417427872e-08 -1.8549528743e-08 -5.1444777954e-01 -8.5752174659e-01 
 5.6234132519e+07  7.4015761051e-01 -4.0638119945e-02  1.2101203292e-01 -1.9390707243e-01  2.6817893233e-08 -2.1797032169e-08 -5.6048395240e-01 -8.2816532940e-01 
 5.9566214353e+07  7.3909932146e-01 -3.9252815004e-02  1.2317605629e-01 -2.1292679965e-01  2.8102885236e-08 -2.5364168451e-08 -6.0389794654e-01 -7.9706170038e-01 
 6.3095734448e+07  7.3811441964e-01 -3.7925867327e-02  1.2480276598e-01 -2.3306644457e-01  2.9247363854e-08 -2.9254168873e-08 -6.4463081361e-01 -7.6449408681e-01 
 6.6834391757e+07  7.3719759753e-01 -3.6660505930e-02  1.2585051431e-01 -2.5434873281e-01  3.0227092386e-08 -3.3469177299e-08 -6.8266224159e-01 -7.3073413035e-01 
 7.0794578438e+07  7.3634334091e-01 -3.5459374756e-02  1.2627755234e-01 -2.7679946759e-01  3.1018682788e-08 -3.8010805954e-08 -7.1800609222e-01 -6.9603690113e-01 
 7.4989420933e+07  7.3554600641e-01 -3.4324545413e-02  1.2604114234e-01 -3.0044802730e-01  3.1599502682e-08 -4.2880691171e-08 -7.5070548243e-01 -6.6063712106e-01 
 7.9432823472e+07  7.3479988890e-01 -3.3257538233e-02  1.2509656879e-01 -3.2532770977e-01  3.1947457304e-08 -4.8081023426e-08 -7.8082769270e-01 -6.2474655041e-01 
 8.4139514165e+07  7.3409927893e-01 -3.2259348704e-02  1.2339607403e-01 -3.5147592003e-01  3.2040663793e-08 -5.3615033809e-08 -8.0845913801e-01 -5.8855243685e-01 
 8.9125093813e+07  7.3343851040e-01 -3.1330476675e-02  1.2088773985e-01 -3.7893420313e-01  3.1857036547e-08 -5.9487426860e-08 -8.3370058480e-01 -5.5221689069e-01 
 9.4406087629e+07  7.3281199991e-01 -3.0470956152e-02  1.1751433123e-01 -4.0774812614e-01  3.1373801427e-08 -6.5704756728e-08 -8.5666274454e-01 -5.1587703202e-01 
 1.0000000000e+08  7.3221427874e-01 -2.9680384022e-02  1.1321211299e-01 -4.3796701454e-01  3.0566953945e-08 -7.2275749376e-08 -8.7746232605e-01 -4.7964575141e-01 
 1.0592537252e+08  7.3164001930e-01 -2.8957946438e-02  1.0790964532e-01 -4.6964354665e-01  2.9410672909e-08 -7.9211577907e-08 -8.9621858734e-01 -4.4361293309e-01 
 1.1220184543e+08  7.3108405762e-01 -2.8302442161e-02  1.0152656054e-01 -5.0283320774e-01  2.7876696815e-08 -8.6526101147e-08 -9.1305039409e-01 -4.0784700377e-01 
 1.1885022274e+08  7.3054141360e-01 -2.7712302531e-02  9.3972320403e-02 -5.3759360154e-01  2.5933666063e-08 -9.4236077408e-08 -9.2807376658e-01 -3.7239668910e-01 
 1.2589254118e+08  7.3000731070e-01 -2.7185608270e-02  8.5144951863e-02 -5.7398361287e-01  2.3546429924e-08 -1.0236136634e-07 -9.4139987914e-01 -3.3729288014e-01 
 1.3335214322e+08  7.2947719653e-01 -2.6720103697e-02  7.4929758580e-02 -6.1206241008e-01  2.0675313429e-08 -1.1092513199e-07 -9.5313346546e-01 -3.0255053303e-01 
 1.4125375446e+08  7.2894676583e-01 -2.6313209405e-02  6.3198006399e-02 -6.5188827109e-01  1.7275335873e-08 -1.1995406028e-07 -9.6337157693e-01 -2.6817054383e-01 
 1.4962356561e+08  7.2841198653e-01 -2.5962034855e-02  4.9805582856e-02 -6.9351721120e-01  1.3295369434e-08 -1.2947860344e-07 -9.7220264008e-01 -2.3414155796e-01 
 1.5848931925e+08  7.2786912965e-01 -2.5663392697e-02  3.4591634001e-02 -7.3700138543e-01  8.6772233726e-09 -1.3953326411e-07 -9.7970576067e-01 -2.0044168814e-01 
 1.6788040181e+08  7.2731480259e-01 -2.5413816828e-02  1.7377186353e-02 -7.8238723258e-01  3.3546363732e-09 -1.5015693121e-07 -9.8595022545e-01 -1.6704012719e-01 
 1.7782794100e+08  7.2674598492e-01 -2.5209586104e-02 -2.0362320516e-03 -8.2971332219e-01 -2.7478434761e-09 -1.6139327957e-07 -9.9099515789e-01 -1.3389865161e-01 
 1.8836490895e+08  7.2616006485e-01 -2.5046755107e-02 -2.3867949500e-02 -8.7900786021e-01 -9.7161147174e-09 -1.7329124562e-07 -9.9488928950e-01 -1.0097301982e-01 
 1.9952623150e+08  7.2555487426e-01 -2.4921192520e-02 -4.8359455043e-02 -9.3028580390e-01 -1.7647941750e-08 -1.8590559132e-07 -9.9767081466e-01 -6.8214274917e-02 
 2.1134890398e+08  7.2492872060e-01 -2.4828627030e-02 -7.5775604659e-02 -9.8354553257e-01 -2.6654568439e-08 -1.9929756933e-07 -9.9936730275e-01 -3.5569965928e-02 
 2.2387211386e+08  7.2428041405e-01 -2.4764700612e-02 -1.0640566937e-01 -1.0387650175e+00 -3.6862562030e-08 -2.1353570273e-07 -9.9999564742e-01 -2.9853050627e-03 
 2.3713737057e+08  7.2360928844e-01 -2.4725029479e-02 -1.4056414783e-01 -1.0958974333e+00 -4.8415928899e-08 -2.2869669326e-07 -9.9956203839e-01  2.9595719596e-02 
 2.5118864315e+08  7.2291521304e-01 -2.4705272886e-02 -1.7859124458e-01 -1.1548661527e+00 -6.1478550121e-08 -2.4486647241e-07 -9.9806194695e-01  6.2229255016e-02 
 2.6607250598e+08  7.2219859148e-01 -2.4701208664e-02 -2.2085288909e-01 -1.2155590707e+00 -7.6236992189e-08 -2.6214140947e-07 -9.9548012168e-01  9.4970496140e-02 
 2.8183829313e+08  7.2146034361e-01 -2.4708812179e-02 -2.6774013985e-01 -1.2778222128e+00 -9.2903756440e-08 -2.8062969067e-07 -9.9179059626e-01  1.2787257906e-01 
 2.9853826189e+08  7.2070186797e-01 -2.4724333456e-02 -3.1966778302e-01 -1.3414526009e+00 -1.1172104021e-07 -3.0045288266e-07 -9.8695671678e-01  1.6098543318e-01 
 3.1622776602e+08  7.1992498391e-01 -2.4744366131e-02 -3.7707189710e-01 -1.4061903743e+00 -1.3296509354e-07 -3.2174769272e-07 -9.8093120137e-01  1.9435457221e-01 
 3.3496543916e+08  7.1913185499e-01 -2.4765901727e-02 -4.4040611619e-01 -1.4717102065e+00 -1.5695126771e-07 -3.4466793568e-07 -9.7365625093e-01  2.2801980578e-01 
 3.5481338923e+08  7.1832489701e-01 -2.4786363231e-02 -5.1013628619e-01 -1.5376121102e+00 -1.8403986549e-07 -3.6938671472e-07 -9.6506373530e-01  2.6201385609e-01 
 3.7583740429e+08  7.1750667544e-01 -2.4803612801e-02 -5.8673317383e-01 -1.6034117953e+00 -2.1464291878e-07 -3.9609881789e-07 -9.5507548585e-01  2.9636086830e-01 
 3.9810717055e+08  7.1667979867e-01 -2.4815929695e-02 -6.7066286378e-01 -1.6685308369e+00 -2.4923203566e-07 -4.2502332567e-07 -9.4360373089e-01  3.3107480839e-01 
 4.2169650343e+08  7.1584681406e-01 -2.4821955934e-02 -7.6237446923e-01 -1.7322870233e+00 -2.8834747697e-07 -4.5640641557e-07 -9.3055171706e-01  3.6615774978e-01 
 4.4668359215e+08  7.1501011440e-01 -2.4820608835e-02 -8.6228479542e-01 -1.7938853899e+00 -3.3260864089e-07 -4.9052433785e-07 -9.1581456444e-01  4.0159805889e-01 
 4.7315125896e+08  7.1417186228e-01 -2.4810961020e-02 -9.7075964358e-01 -1.8524106015e+00 -3.8272615257e-07 -5.2768652147e-07 -8.9928040802e-01  4.3736850159e-01 
 5.0118723363e+08  7.1333393931e-01 -2.4792089809e-02 -1.0880915356e+00 -1.9068215163e+00 -4.3951577302e-07 -5.6823875153e-07 -8.8083188031e-01  4.7342430631e-01 
 5.3088444423e+08  7.1249792652e-01 -2.4762898584e-02 -1.2144737906e+00 -1.9559489435e+00 -5.0391435692e-07 -6.1256633915e-07 -8.6034798965e-01  5.0970123649e-01 
 5.6234132519e+08  7.1166512114e-01 -2.4721912940e-02 -1.3499711052e+00 -1.9984977770e+00 -5.7699810043e-07 -6.6109718268e-07 -8.3770644485e-01  5.4611374356e-01 
 5.9566214353e+08  7.1083659436e-01 -2.4667053818e-02 -1.4944870911e+00 -2.0330548300e+00 -6.6000332703e-07 -7.1430459846e-07 -8.1278646744e-01  5.8255329235e-01 
 6.3095734448e+08  7.1001329438e-01 -2.4595388498e-02 -1.6477296110e+00 -2.0581037755e+00 -7.5435005949e-07 -7.7270978136e-07 -7.8547211757e-01  6.1888697212e-01 
 6.6834391757e+08  7.0919619912e-01 -2.4502858180e-02 -1.8091752251e+00 -2.0720485940e+00 -8.6166862065e-07 -8.3688374720e-07 -7.5565613661e-01  6.5495652590e-01 
 7.0794578438e+08  7.0838652473e-01 -2.4383977836e-02 -1.9780346008e+00 -2.0732467823e+00 -9.8382949296e-07 -9.0744861541e-07 -7.2324427833e-01  6.9057794823e-01 
 7.4989420933e+08  7.0758599855e-01 -2.4231499926e-02 -2.1532213172e+00 -2.0600532576e+00 -1.1229766517e-06 -9.8507812172e-07 -6.8816006133e-01  7.2554181102e-01 
 7.9432823472e+08  7.0679721000e-01 -2.4036028078e-02 -2.3333270556e+00 -2.0308753609e+00 -1.2815645740e-06 -1.0704973186e-06 -6.5034982777e-01  7.5961447814e-01 
 8.4139514165e+08  7.0602406099e-01 -2.3785559489e-02 -2.5166066448e+00 -1.9842385850e+00 -1.4623991247e-06 -1.1644815426e-06 -6.0978794153e-01  7.9254035674e-01 
 8.9125093813e+08  7.0527234981e-01 -2.3464924558e-02 -2.7009767220e+00 -1.9188616504e+00 -1.6686825523e-06 -1.2678549244e-06 -5.6648190418e-01  8.2404530326e-01 
 9.4406087629e+08  7.0455054297e-01 -2.3055078055e-02 -2.8840317830e+00 -1.8337383445e+00 -1.9040629157e-06 -1.3814890201e-06 -5.2047711655e-01  8.5384125412e-01 
 1.0000000000e+09  7.0387082243e-01 -2.2532175765e-02 -3.0630810367e+00 -1.7282222300e+00 -2.1726884579e-06 -1.5063025955e-06 -4.7186097334e-01  8.8163208252e-01 
 1.0592537252e+09  7.0325055136e-01 -2.1866341476e-02 -3.2352086846e+00 -1.6021090448e+00 -2.4792678249e-06 -1.6432642776e-06 -4.2076595577e-01  9.0712059655e-01 
 1.1220184543e+09  7.0271439554e-01 -2.1019987794e-02 -3.3973590373e+00 -1.4557105437e+00 -2.8291377279e-06 -1.7934008043e-06 -3.6737139062e-01  9.3001649495e-01 
 1.1885022274e+09  7.0229750346e-01 -1.9945496416e-02 -3.5464463694e+00 -1.2899128631e+00 -3.2283409537e-06 -1.9578151778e-06 -3.1190357908e-01  9.5004499310e-01 
 1.2589254118e+09  7.0205044601e-01 -1.8581987546e-02 -3.6794878997e+00 -1.1062123753e+00 -3.6837200523e-06 -2.1377214994e-06 -2.5463406939e-01  9.6695573458e-01 
 1.3335214322e+09  7.0204717137e-01 -1.6850823021e-02 -3.7937572708e+00 -9.0672244175e-01 -4.2030367514e-06 -2.3345072579e-06 -1.9587595143e-01  9.8053152647e-01 
 1.4125375446e+09  7.0239829726e-01 -1.4649444897e-02 -3.8869562432e+00 -6.9414515687e-01 -4.7951366970e-06 -2.5498403688e-06 -1.3597818370e-01  9.9059639117e-01 
 1.4962356561e+09  7.0327418906e-01 -1.1843343656e-02 -3.9574054192e+00 -4.7170196660e-01 -5.4701994842e-06 -2.7858487753e-06 -7.5318111871e-02  9.9702242608e-01 
 1.5848931925e+09  7.0494665936e-01 -8.2570476114e-03 -4.0042629963e+00 -2.4301289230e-01 -6.2401596818e-06 -3.0454159367e-06 -1.4292486544e-02  9.9973500924e-01 
 1.6788040181e+09  7.0786743535e-01 -3.6693211567e-03 -4.0277976184e+00 -1.1897481658e-02 -7.1194926460e-06 -3.3326511405e-06  4.6692580671e-02  9.9871598469e-01 
 1.7782794100e+09  7.1282138025e-01  2.1667167311e-03 -4.0297714315e+00  2.1798333205e-01 -8.1268259235e-06 -3.6535704508e-06  1.0723218751e-01  9.9400459720e-01 
 1.8836490895e+09  7.2123161605e-01  9.4021001887e-03 -4.0140207532e+00  4.4389268572e-01 -9.2885097111e-06 -4.0167554873e-06  1.6693315504e-01  9.8569610720e-01 
 1.9952623150e+09  7.3573983933e-01  1.7591423549e-02 -3.9872110991e+00  6.6594665323e-01 -1.0646860742e-05 -4.4322344854e-06  2.2542391028e-01  9.7393818261e-01 
 2.1134890398e+09  7.6097113681e-01  2.3854383633e-02 -3.9585170521e+00  8.9228198146e-01 -1.2277850142e-05 -4.8995266643e-06  2.8236321938e-01  9.5892530312e-01 
 2.2387211386e+09  8.0193536517e-01  1.7365408115e-02 -3.9298806330e+00  1.1499967441e+00 -1.4309141558e-05 -5.3492679604e-06  3.3744729824e-01  9.4089149656e-01 
 2.3713737057e+09  8.4759251223e-01 -2.5555183923e-02 -3.8530811727e+00  1.4785223325e+00 -1.6802673004e-05 -5.5039130662e-06  3.9041467654e-01  9.2010195218e-01 
 2.5118864315e+09  8.5015643957e-01 -1.0170267639e-01 -3.6257321560e+00  1.8165400856e+00 -1.9339759214e-05 -5.1108460218e-06  4.4104881372e-01  8.9684523356e-01 
 2.6607250598e+09  8.0449111695e-01 -1.5032960690e-01 -3.3055478549e+00  2.0186414686e+00 -2.1549492640e-05 -4.6766699288e-06  4.8918145547e-01  8.7142553261e-01 
 2.8183829313e+09  7.5954553273e-01 -1.6030179362e-01 -3.0195036270e+00  2.1120519983e+00 -2.3833877767e-05 -4.5802596349e-06  5.3469286339e-01  8.4415138773e-01 
 2.9853826189e+09  7.3036601836e-01 -1.5558394205e-01 -2.7789616039e+00  2.1676197876e+00 -2.6501056154e-05 -4.6901380826e-06  5.7750740147e-01  8.1532802498e-01 
 3.1622776602e+09  7.1253403023e-01 -1.4844567929e-01 -2.5634803854e+00  2.2088198405e+00 -2.9622112526e-05 -4.8645385303e-06  6.1759047777e-01  7.8525192617e-01 
 3.3496543916e+09  7.0122286853e-01 -1.4232311441e-01 -2.3610620730e+00  2.2389710086e+00 -3.3217739612e-05 -5.0365278576e-06  6.5494486511e-01  7.5420525585e-01 
 3.5481338923e+09  6.9361267252e-01 -1.3782883457e-01 -2.1670548529e+00  2.2574860841e+00 -3.7315210147e-05 -5.1743143466e-06  6.8960600203e-01  7.2245137301e-01 
 3.7583740429e+09  6.8818028256e-01 -1.3486313909e-01 -1.9802023540e+00  2.2638267152e+00 -4.1954935153e-05 -5.2580186240e-06  7.2163691445e-01  6.9023164420e-01 
 3.9810717055e+09  6.8408687305e-01 -1.3319916117e-01 -1.8005986556e+00  2.2580891696e+00 -4.7189081653e-05 -5.2705301423e-06  7.5112311440e-01  6.5776342285e-01 
 4.2169650343e+09  6.8084987446e-01 -1.3262851025e-01 -1.6287867115e+00  2.2409050738e+00 -5.3080232832e-05 -5.1938561502e-06  7.7816769461e-01  6.2523903851e-01 
 4.4668359215e+09  6.7817777083e-01 -1.3298814676e-01 -1.4653702870e+00  2.2132583793e+00 -5.9700881002e-05 -5.0073917149e-06  8.0288677216e-01  5.9282563328e-01 
 4.7315125896e+09  6.7588561334e-01 -1.3415729890e-01 -1.3108517083e+00  2.1763327483e+00 -6.7133544752e-05 -4.6868284276e-06  8.2540538243e-01  5.6066567931e-01 
 5.0118723363e+09  6.7385023096e-01 -1.3604869741e-01 -1.1655721176e+00  2.1314002848e+00 -7.5471292322e-05 -4.2032300752e-06  8.4585387966e-01  5.2887801619e-01 
 5.3088444423e+09  6.7198550697e-01 -1.3860037630e-01 -1.0296998015e+00  2.0797440011e+00 -8.4818538388e-05 -3.5220851792e-06  8.6436486267e-01  4.9755925980e-01 
 5.6234132519e+09  6.7022817709e-01 -1.4176925340e-01 -9.0324119027e-01  2.0226054143e+00 -9.5292041227e-05 -2.6022461244e-06  8.8107061511e-01  4.6678545225e-01 
 5.9566214353e+09  6.6852935570e-01 -1.4552638155e-01 -7.8606196558e-01  1.9611505315e+00 -1.0702206064e-04 -1.3946998360e-06  8.9610102809e-01  4.3661384371e-01 
 6.3095734448e+09  6.6684929228e-01 -1.4985349854e-01 -6.7791175976e-01  1.8964492618e+00 -1.2015365414e-04  1.5887409940e-07  9.0958195944e-01  4.0708471830e-01 
 6.6834391757e+09  6.6515400846e-01 -1.5474052466e-01 -5.7844897987e-01  1.8294645955e+00 -1.3484809688e-04  2.1278008492e-06  9.2163397627e-01  3.7822319709e-01 
 7.0794578438e+09  6.6341306117e-01 -1.6018373530e-01 -4.8726393280e-01  1.7610488123e+00 -1.5128441278e-04  4.5944095382e-06  9.3237142448e-01  3.5004097017e-01 
 7.4989420933e+09  6.6159799621e-01 -1.6618440956e-01 -4.0389935984e-01  1.6919446441e+00 -1.6966100330e-04  7.6563859946e-06  9.4190177061e-01  3.2253792555e-01 
 7.9432823472e+09  6.5968123376e-01 -1.7274781328e-01 -3.2786803624e-01  1.6227898119e+00 -1.9019735587e-04  1.1429537645e-05  9.5032516469e-01  2.9570365631e-01 
 8.4139514165e+09  6.5763522808e-01 -1.7988241540e-01 -2.5866741492e-01  1.5541237371e+00 -2.1313580712e-04  1.6051036961e-05  9.5773417857e-01  2.6951883745e-01 
 8.9125093813e+09  6.5543180308e-01 -1.8759926556e-01 -1.9579147978e-01  1.4863955240e+00 -2.3874332688e-04  2.1683218337e-05  9.6421368008e-01  2.4395647178e-01 
 9.4406087629e+09  6.5304160109e-01 -1.9591148020e-01 -1.3874007404e-01  1.4199725462e+00 -2.6731327620e-04  2.8518012274e-05  9.6984081010e-01  2.1898300913e-01 
 1.0000000000e+10  6.5043360459e-01 -2.0483379792e-01 -8.7026013891e-02  1.3551491526e+00 -2.9916707702e-04  3.6782109915e-05  9.7468503526e-01  1.9455934681e-01 
 1.0592537252e+10  6.4757470461e-01 -2.1438217443e-01 -4.0180307209e-02  1.2921551524e+00 -3.3465571110e-04  4.6742960073e-05  9.7880825437e-01  1.7064172038e-01 
 1.1220184543e+10  6.4442929917e-01 -2.2457339308e-01  2.2442140170e-03  1.2311638492e+00 -3.7416094133e-04  5.8715709256e-05  9.8226494110e-01  1.4718249487e-01 
 1.1885022274e+10  6.4095891129e-01 -2.3542467181e-01  4.0670562568e-02  1.1722994791e+00 -4.1809611791e-04  7.3071202113e-05  9.8510230875e-01  1.2413086615e-01 
 1.2589254118e+10  6.3712182125e-01 -2.4695324969e-01  7.5496310023e-02  1.1156439673e+00 -4.6690639558e-04  9.0245164146e-05  9.8736048548e-01  1.0143348190e-01 
 1.3335214322e+10  6.3287271141e-01 -2.5917593854e-01  1.0709312075e-01  1.0612429678e+00 -5.2106814313e-04  1.1074868888e-04  9.8907269029e-01  7.9034991293e-02 
 1.4125375446e+10  6.2816232519e-01 -2.7210862599e-01  1.3580691066e-01  1.0091111782e+00 -5.8108727416e-04  1.3518014606e-04  9.9026540118e-01  5.6878531932e-02 
 1.4962356561e+10  6.2293714505e-01 -2.8576571773e-01  1.6195846332e-01  9.5923694969e-01 -6.4749616567e-04  1.6423861335e-04  9.9095850814e-01  3.4906162855e-02 
 1.5848931925e+10  6.1713909723e-01 -3.0015950711e-01  1.8584436099e-01  9.1158622405e-01 -7.2084875989e-04  1.9873890771e-04  9.9116544393e-01  1.3059252466e-02 
 1.6788040181e+10  6.1070529466e-01 -3.1529946152e-01  2.0773810970e-01  8.6610584112e-01 -8.0171336304e-04  2.3962825110e-04  9.9089328701e-01 -8.7211692445e-03 
 1.7782794100e+10  6.0356783248e-01 -3.3119141598e-01  2.2789135591e-01  8.2272626710e-01 -8.9066256526e-04  2.8800454165e-04  9.9014283131e-01 -3.0494084172e-02 
 1.8836490895e+10  5.9565365497e-01 -3.4783666610e-01  2.4653510764e-01  7.8136379711e-01 -9.8825960907e-04  3.4513611234e-04  9.8890861875e-01 -5.2318174511e-02 
 1.9952623150e+10  5.8688451648e-01 -3.6523095519e-01  2.6388088538e-01  7.4192228882e-01 -1.0950404345e-03  4.1248273537e-04  9.8717893172e-01 -7.4251514532e-02 
 2.1134890398e+10  5.7717706331e-01 -3.8336335357e-01  2.8012173855e-01  7.0429448562e-01 -1.2114905328e-03  4.9171746670e-04  9.8493574385e-01 -9.6351253316e-02 
 2.2387211386e+10  5.6644306797e-01 -4.0221503305e-01  2.9543307100e-01  6.6836299046e-01 -1.3380156563e-03  5.8474871191e-04  9.8215462914e-01 -1.1867327524e-01 
 2.3713737057e+10  5.5458985099e-01 -4.2175794556e-01  3.0997322656e-01  6.3400095433e-01 -1.4749053736e-03  6.9374162617e-04  9.7880463134e-01 -1.4127182416e-01 
 2.5118864315e+10  5.4152092937e-01 -4.4195342330e-01  3.2388379123e-01  6.0107254801e-01 -1.6222884416e-03  8.2113763078e-04  9.7484809749e-01 -1.6419907669e-01 
 2.6607250598e+10  5.2713693258e-01 -4.6275072736e-01  3.3728957537e-01  5.6943329132e-01 -1.7800790152e-03  9.6967043450e-04  9.7024048195e-01 -1.8750464895e-01 
 2.8183829313e+10  5.1133682786e-01 -4.8408558410e-01  3.5029824645e-01  5.3893032192e-01 -1.9479128531e-03  1.1423764921e-03  9.6493013027e-01 -2.1123502118e-01 
 2.9853826189e+10  4.9401949401e-01 -5.0587876236e-01  3.6299959227e-01  5.0940269499e-01 -2.1250729444e-03  1.3425973255e-03  9.5885805504e-01 -2.3543286375e-01 
