 frequency         real(s_1_1)       imag(s_1_1)       real(s_2_1)       imag(s_2_1)       real(s_1_2)       imag(s_1_2)       real(s_2_2)       imag(s_2_2)      
 1.0000000000e+07  8.1058897774e-01 -8.7471979777e-02  1.2185444336e-02  5.0062324611e-04  8.4431133560e-10  3.0314370219e-10  8.1969243185e-01 -5.7280390687e-01 
 1.0592537252e+07  8.0728625709e-01 -8.5841441827e-02  1.3703990781e-02  1.2029409820e-04  9.6536208458e-10  3.2778839051e-10  7.9980589701e-01 -6.0025871537e-01 
 1.1220184543e+07  8.0406920681e-01 -8.4232118853e-02  1.5380558598e-02 -3.6265645254e-04  1.1036418754e-09  3.5375193591e-10  7.7798196933e-01 -6.2828660126e-01 
 1.1885022274e+07  8.0092905278e-01 -8.2643177043e-02  1.7227015110e-02 -9.6647415546e-04  1.2617831917e-09  3.8080004621e-10  7.5408967977e-01 -6.5677146133e-01 
 1.2589254118e+07  7.9785821654e-01 -8.1072460485e-02  1.9255170286e-02 -1.7119485439e-03  1.4428413861e-09  4.0851643610e-10  7.2800206643e-01 -6.8557493273e-01 
 1.3335214322e+07  7.9485042273e-01 -7.9516780701e-02  2.1476511206e-02 -2.6226261294e-03  1.6503489191e-09  4.3622755446e-10  6.9959952314e-01 -7.1453516627e-01 
 1.4125375446e+07  7.9190075741e-01 -7.7972198565e-02  2.3901880936e-02 -3.7250012069e-03  1.8883669191e-09  4.6290516439e-10  6.6877365916e-01 -7.4346606439e-01 
 1.4962356561e+07  7.8900568379e-01 -7.6434293339e-02  2.6541100519e-02 -5.0486710246e-03  2.1615286370e-09  4.8704334891e-10  6.3543162620e-01 -7.7215713683e-01 
 1.5848931925e+07  7.8616302119e-01 -7.4898415569e-02  2.9402535768e-02 -6.6264402028e-03  2.4750674126e-09  5.0650739869e-10  5.9950082707e-01 -8.0037413331e-01 
 1.6788040181e+07  7.8337189231e-01 -7.3359922084e-02  3.2492614345e-02 -8.4943579566e-03  2.8348197477e-09  5.1835373329e-10  5.6093387156e-01 -8.2786060787e-01 
 1.7782794100e+07  7.8063264255e-01 -7.1814392085e-02  3.5815303358e-02 -1.0691671268e-02  3.2471922929e-09  5.1862268663e-10  5.1971359247e-01 -8.5434055011e-01 
 1.8836490895e+07  7.7794673390e-01 -7.0257823385e-02  3.9371563082e-02 -1.3260678058e-02  3.7190804193e-09  5.0210972517e-10  4.7585788230e-01 -8.7952218226e-01 
 1.9952623150e+07  7.7531661519e-01 -6.8686807280e-02  4.3158798142e-02 -1.6246467014e-02  4.2577261033e-09  4.6212536328e-10  4.2942406504e-01 -9.0310296489e-01 
 2.1134890398e+07  7.7274557026e-01 -6.7098679656e-02  4.7170333053e-02 -1.9696535408e-02  4.8705046386e-09  3.9025934432e-10  3.8051248412e-01 -9.2477577932e-01 
 2.2387211386e+07  7.7023754622e-01 -6.5491644995e-02  5.1394943557e-02 -2.3660283001e-02  5.5646336948e-09  2.7616991779e-10  3.2926897580e-01 -9.4423616440e-01 
 2.3713737057e+07  7.6779696477e-01 -6.3864869375e-02  5.5816478037e-02 -2.8188389039e-02  6.3468046763e-09  1.0742332589e-10  2.7588591302e-01 -9.6119038482e-01 
 2.5118864315e+07  7.6542852171e-01 -6.2218538591e-02  6.0413603381e-02 -3.3332089704e-02  7.2227450068e-09 -1.3058921460e-10  2.2060155340e-01 -9.7536400805e-01 
 2.6607250598e+07  7.6313698072e-01 -6.0553878334e-02  6.5159706389e-02 -3.9142384486e-02  8.1967301312e-09 -4.5463080817e-10  1.6369750882e-01 -9.8651057791e-01 
 2.8183829313e+07  7.6092696933e-01 -5.8873134897e-02  7.0022974665e-02 -4.5669210457e-02  9.2710743785e-09 -8.8347335445e-10  1.0549426883e-01 -9.9441990913e-01 
 2.9853826189e+07  7.5880278558e-01 -5.7179517057e-02  7.4966670000e-02 -5.2960631953e-02  1.0445638598e-08 -1.4376155402e-09  4.6344848014e-02 -9.9892549965e-01 
 3.1622776602e+07  7.5676822372e-01 -5.5477102170e-02  7.9949593178e-02 -6.1062098183e-02  1.1717397766e-08 -2.1388658565e-09 -1.3373224263e-02 -9.9991057536e-01 
 3.3496543916e+07  7.5482642651e-01 -5.3770711838e-02  8.4926723247e-02 -7.0015821648e-02  1.3080111914e-08 -3.0098075545e-09 -7.3267212882e-02 -9.9731234885e-01 
 3.5481338923e+07  7.5297976979e-01 -5.2065764456e-02  8.9849998272e-02 -7.9860325254e-02  1.4524137860e-08 -4.0731778695e-09 -1.3293930894e-01 -9.9112418515e-01 
 3.7583740429e+07  7.5122978293e-01 -5.0368113133e-02  9.4669190518e-02 -9.0630195676e-02  1.6036407466e-08 -5.3512066902e-09 -1.9199703274e-01 -9.8139551410e-01 
 3.9810717055e+07  7.4957710620e-01 -4.8683877946e-02  9.9332818757e-02 -1.0235606593e-01  1.7600581885e-08 -6.8649677692e-09 -2.5006332994e-01 -9.6822949394e-01 
 4.2169650343e+07  7.4802148350e-01 -4.7019281083e-02  1.0378903537e-01 -1.1506483255e-01  1.9197372748e-08 -8.6337969549e-09 -3.0678581181e-01 -9.5177859537e-01 
 4.4668359215e+07  7.4656178737e-01 -4.5380492382e-02  1.0798642679e-01 -1.2878009489e-01  2.0805003399e-08 -1.0674826363e-08 -3.6184466939e-01 -9.3223842011e-01 
 4.7315125896e+07  7.4519607082e-01 -4.3773491229e-02  1.1187467255e-01 -1.4352278696e-01  2.2399768785e-08 -1.3002671741e-08 -4.1495890953e-01 -9.0984017747e-01 
 5.0118723363e+07  7.4392164048e-01 -4.2203948970e-02  1.1540501937e-01 -1.5931195970e-01  2.3956643571e-08 -1.5629294496e-08 -4.6589070262e-01 -8.8484230650e-01 
 5.3088444423e+07  7.4273514451e-01 -4.0677134147e-02  1.1853054128e-01 -1.7616566212e-01  2.5449885401e-08 -1.8564042435e-08 -5.1444777956e-01 -8.5752174656e-01 
 5.6234132519e+07  7.4163266927e-01 -3.9197841195e-02  1.2120617212e-01 -1.9410186726e-01  2.6853583860e-08 -2.1813856987e-08 -5.6048395242e-01 -8.2816532937e-01 
 5.9566214353e+07  7.4060983913e-01 -3.7770341774e-02  1.2338851156e-01 -2.1313938983e-01  2.8142114278e-08 -2.5383621455e-08 -6.0389794656e-01 -7.9706170034e-01 
 6.3095734448e+07  7.3966191493e-01 -3.6398356833e-02  1.2503541830e-01 -2.3329874842e-01  2.9290467295e-08 -2.9276616292e-08 -6.4463081362e-01 -7.6449408676e-01 
 6.6834391757e+07  7.3878388707e-01 -3.5085046753e-02  1.2610541306e-01 -2.5460293351e-01  3.0274437995e-08 -3.3495043667e-08 -6.8266224160e-01 -7.3073413031e-01 
 7.0794578438e+07  7.3797056080e-01 -3.3833016463e-02  1.2655691978e-01 -2.7707805223e-01  3.1070670546e-08 -3.8040584497e-08 -7.1800609222e-01 -6.9603690108e-01 
 7.4989420933e+07  7.3721663173e-01 -3.2644332308e-02  1.2634737527e-01 -3.0075383060e-01  3.1656564378e-08 -4.2914955523e-08 -7.5070548244e-01 -6.6063712101e-01 
 7.9432823472e+07  7.3651675089e-01 -3.1520547475e-02  1.2543223638e-01 -3.2566396295e-01  3.2010055083e-08 -4.8120440784e-08 -7.8082769270e-01 -6.2474655037e-01 
 8.4139514165e+07  7.3586557890e-01 -3.0462733039e-02  1.2376391072e-01 -3.5184630492e-01  3.2109287430e-08 -5.3660379632e-08 -8.0845913800e-01 -5.8855243681e-01 
 8.9125093813e+07  7.3525782983e-01 -2.9471511987e-02  1.2129063205e-01 -3.7934291154e-01  3.1932199161e-08 -5.9539601202e-08 -8.3370058479e-01 -5.5221689065e-01 
 9.4406087629e+07  7.3468830551e-01 -2.8547093984e-02  1.1795529625e-01 -4.0819992433e-01  3.1456033304e-08 -6.5764802282e-08 -8.5666274453e-01 -5.1587703198e-01 
 1.0000000000e+08  7.3415192139e-01 -2.7689309034e-02  1.1369426845e-01 -4.3846731234e-01  3.0656794076e-08 -7.2344871260e-08 -8.7746232603e-01 -4.7964575137e-01 
 1.0592537252e+08  7.3364372538e-01 -2.6897638603e-02  1.0843616723e-01 -4.7019847032e-01  2.9508657799e-08 -7.9291165189e-08 -8.9621858732e-01 -4.4361293306e-01 
 1.1220184543e+08  7.3315891114e-01 -2.6171243178e-02  1.0210062802e-01 -5.0344967535e-01  2.7983346109e-08 -8.6617750006e-08 -9.1305039408e-01 -4.0784700375e-01 
 1.1885022274e+08  7.3269282735e-01 -2.5508985557e-02  9.4597045014e-02 -5.3827939886e-01  2.6049464458e-08 -9.4341615775e-08 -9.2807376656e-01 -3.7239668909e-01 
 1.2589254118e+08  7.3224098453e-01 -2.4909449594e-02  8.5823289631e-02 -5.7474746734e-01  2.3671804879e-08 -1.0248287971e-07 -9.4139987913e-01 -3.3729288014e-01 
 1.3335214322e+08  7.3179906098e-01 -2.4370954405e-02  7.5664403058e-02 -6.1291405947e-01  2.0810608201e-08 -1.1106499005e-07 -9.5313346546e-01 -3.0255053304e-01 
 1.4125375446e+08  7.3136290932e-01 -2.3891564434e-02  6.3991261626e-02 -6.5283852274e-01  1.7420777490e-08 -1.2011494373e-07 -9.6337157693e-01 -2.6817054385e-01 
 1.4962356561e+08  7.3092856484e-01 -2.3469096116e-02  5.0659215840e-02 -6.9457798698e-01  1.3451031339e-08 -1.2966353047e-07 -9.7220264009e-01 -2.3414155798e-01 
 1.5848931925e+08  7.3049225674e-01 -2.3101122226e-02  3.5506707463e-02 -7.3818574684e-01  8.8429826962e-09 -1.3974561571e-07 -9.7970576069e-01 -2.0044168817e-01 
 1.6788040181e+08  7.3005042294e-01 -2.2784975248e-02  1.8353873923e-02 -7.8370937979e-01  3.5301260485e-09 -1.5040047449e-07 -9.8595022549e-01 -1.6704012724e-01 
 1.7782794100e+08  7.2959972834e-01 -2.2517751139e-02 -9.9884420590e-04 -8.3118856088e-01 -2.5632871798e-09 -1.6167218842e-07 -9.9099515795e-01 -1.3389865167e-01 
 1.8836490895e+08  7.2913708632e-01 -2.2296314569e-02 -2.2772068518e-02 -8.8065253010e-01 -9.5235082536e-09 -1.7361011793e-07 -9.9488928959e-01 -1.0097301990e-01 
 1.9952623150e+08  7.2865968292e-01 -2.2117306248e-02 -4.7208786343e-02 -9.3211716418e-01 -1.7448712487e-08 -1.8626946254e-07 -9.9767081478e-01 -6.8214275005e-02 
 2.1134890398e+08  7.2816500368e-01 -2.1977152765e-02 -7.4575545440e-02 -9.8558160090e-01 -2.6450613051e-08 -1.9971192246e-07 -9.9936730291e-01 -3.5569966029e-02 
 2.2387211386e+08  7.2765086347e-01 -2.1872079845e-02 -1.0516347804e-01 -1.0410243622e+00 -3.6656302701e-08 -2.1400647556e-07 -9.9999564763e-01 -2.9853051748e-03 
 2.3713737057e+08  7.2711543928e-01 -2.1798130999e-02 -1.3928907542e-01 -1.0983989219e+00 -4.8210364613e-08 -2.2923028473e-07 -9.9956203865e-01  2.9595719475e-02 
 2.5118864315e+08  7.2655730442e-01 -2.1751194024e-02 -1.7729461378e-01 -1.1576286639e+00 -6.1277300148e-08 -2.4546975096e-07 -9.9806194727e-01  6.2229254890e-02 
 2.6607250598e+08  7.2597546083e-01 -2.1727037038e-02 -2.1954810756e-01 -1.2186011831e+00 -7.6044328938e-08 -2.6282172790e-07 -9.9548012208e-01  9.4970496015e-02 
 2.8183829313e+08  7.2536936547e-01 -2.1721353904e-02 -2.6644263719e-01 -1.2811618880e+00 -9.2724625284e-08 -2.8139491337e-07 -9.9179059675e-01  1.2787257894e-01 
 2.9853826189e+08  7.2473894665e-01 -2.1729816986e-02 -3.1839486522e-01 -1.3451068819e+00 -1.1156106466e-07 -3.0131143286e-07 -9.8695671737e-01  1.6098543307e-01 
 3.1622776602e+08  7.2408460758e-01 -2.1748133834e-02 -3.7584251888e-01 -1.4101751273e+00 -1.3283056532e-07 -3.2270862899e-07 -9.8093120208e-01  1.9435457213e-01 
 3.3496543916e+08  7.2340721518e-01 -2.1772103473e-02 -4.3924057947e-01 -1.4760399322e+00 -1.5684912274e-07 -3.4574106857e-07 -9.7365625177e-01  2.2801980574e-01 
 3.5481338923e+08  7.2270807333e-01 -2.1797667412e-02 -5.0905588179e-01 -1.5422998523e+00 -1.8397764878e-07 -3.7058277561e-07 -9.6506373630e-01  2.6201385611e-01 
 3.7583740429e+08  7.2198888137e-01 -2.1820949961e-02 -5.8575979273e-01 -1.6084691689e+00 -2.1462874288e-07 -3.9742969355e-07 -9.5507548702e-01  2.9636086839e-01 
 3.9810717055e+08  7.2125167948e-01 -2.1838282228e-02 -6.6981861231e-01 -1.6739681949e+00 -2.4927453960e-07 -4.2650237301e-07 -9.4360373226e-01  3.3107480858e-01 
 4.2169650343e+08  7.2049878484e-01 -2.1846204211e-02 -7.6168132916e-01 -1.7381137680e+00 -2.8845579442e-07 -4.5804887229e-07 -9.3055171865e-01  3.6615775010e-01 
 4.4668359215e+08  7.1973272345e-01 -2.1841439863e-02 -8.6176437386e-01 -1.8001104280e+00 -3.3279238807e-07 -4.9234784624e-07 -9.1581456628e-01  4.0159805939e-01 
 4.7315125896e+08  7.1895616443e-01 -2.1820840875e-02 -9.7043305847e-01 -1.8590429272e+00 -3.8299544812e-07 -5.2971178467e-07 -8.9928041014e-01  4.3736850230e-01 
 5.0118723363e+08  7.1817186459e-01 -2.1781296032e-02 -1.0879794804e+00 -1.9138708972e+00 -4.3988130413e-07 -5.7049034502e-07 -8.8083188275e-01  4.7342430729e-01 
 5.3088444423e+08  7.1738263208e-01 -2.1719604201e-02 -1.2145968170e+00 -1.9634266721e+00 -5.0438750805e-07 -6.1507370473e-07 -8.6034799245e-01  5.0970123780e-01 
 5.6234132519e+08  7.1659131823e-01 -2.1632310117e-02 -1.3503501554e+00 -2.0064174432e+00 -5.7759116450e-07 -6.6389583965e-07 -8.3770644806e-01  5.4611374528e-01 
 5.9566214353e+08  7.1580084736e-01 -2.1515502815e-02 -1.4951443035e+00 -2.0414330608e+00 -6.6072982407e-07 -7.1743761567e-07 -8.1278647111e-01  5.8255329460e-01 
 6.3095734448e+08  7.1501429437e-01 -2.1364576637e-02 -1.6486894148e+00 -2.0669608886e+00 -7.5522519603e-07 -7.7622956720e-07 -7.8547212176e-01  6.1888697501e-01 
 6.6834391757e+08  7.1423502080e-01 -2.1173954050e-02 -1.8104657324e+00 -2.0814091052e+00 -8.6270993556e-07 -8.4085423122e-07 -7.5565614137e-01  6.5495652960e-01 
 7.0794578438e+08  7.1346688174e-01 -2.0936767695e-02 -1.9796893003e+00 -2.0831397083e+00 -9.8505775507e-07 -9.1194791729e-07 -7.2324428375e-01  6.9057795294e-01 
 7.4989420933e+08  7.1271451872e-01 -2.0644496135e-02 -2.1552810725e+00 -2.0705121559e+00 -1.1244171041e-06 -9.9020183122e-07 -6.8816006746e-01  7.2554181699e-01 
 7.9432823472e+08  7.1198375968e-01 -2.0286543324e-02 -2.3358424136e+00 -2.0419380440e+00 -1.2832486642e-06 -1.0763625461e-06 -6.5034983468e-01  7.5961448571e-01 
 8.4139514165e+08  7.1128215600e-01 -1.9849745565e-02 -2.5196404708e+00 -1.9959464457e+00 -1.4643669289e-06 -1.1712319451e-06 -6.0978794928e-01  7.9254036631e-01 
 8.9125093813e+08  7.1061970233e-01 -1.9317781321e-02 -2.7046071953e+00 -1.9312585184e+00 -1.6709862041e-06 -1.2756669671e-06 -5.6648191277e-01  8.2404531534e-01 
 9.4406087629e+08  7.1000980950e-01 -1.8670448027e-02 -2.8883558198e+00 -1.8468687751e+00 -1.9067715138e-06 -1.3905798042e-06 -5.2047712596e-01  8.5384126936e-01 
 1.0000000000e+09  7.0947064195e-01 -1.7882755566e-02 -3.0682182519e+00 -1.7421290745e+00 -2.1758951802e-06 -1.5169396598e-06 -4.7186098346e-01  8.8163210171e-01 
 1.0592537252e+09  7.0902699764e-01 -1.6923768126e-02 -3.2413060777e+00 -1.6168300666e+00 -2.4831003842e-06 -1.6557778607e-06 -4.2076596637e-01  9.0712062067e-01 
 1.1220184543e+09  7.0871302149e-01 -1.5755105985e-02 -3.4045966830e+00 -1.4712736801e+00 -2.8337739729e-06 -1.8081991031e-06 -3.6737140125e-01  9.3001652521e-01 
 1.1885022274e+09  7.0857623537e-01 -1.4329002359e-02 -3.5550445266e+00 -1.3063294329e+00 -3.2340325215e-06 -1.9754030726e-06 -3.1190358902e-01  9.5004503095e-01 
 1.2589254118e+09  7.0868370483e-01 -1.2585815693e-02 -3.6897160996e+00 -1.1234669806e+00 -3.6908288507e-06 -2.1587228322e-06 -2.5463407751e-01  9.6695578175e-01 
 1.3335214322e+09  7.0913176706e-01 -1.0450976585e-02 -3.8059460539e+00 -9.2475729123e-01 -4.2120922445e-06 -2.3596895337e-06 -1.9587595595e-01  9.8053158497e-01 
 1.4125375446e+09  7.1006185307e-01 -7.8316435183e-03 -3.9015120903e+00 -7.1283460743e-01 -4.8069274655e-06 -2.5801374221e-06 -1.3597818195e-01  9.9059646324e-01 
 1.4962356561e+09  7.1168701376e-01 -4.6142474291e-03 -3.9748284368e+00 -4.9080941113e-01 -5.4859218525e-06 -2.8223682469e-06 -7.5318099835e-02  9.9702251407e-01 
 1.5848931925e+09  7.1433768143e-01 -6.6673299085e-04 -4.0251632211e+00 -2.6211510548e-01 -6.2616609821e-06 -3.0893959676e-06 -1.4292458251e-02  9.9973511519e-01 
 1.6788040181e+09  7.1854245645e-01  4.1431402482e-03 -4.0528937389e+00 -3.0248551372e-02 -7.1496649198e-06 -3.3852725574e-06  4.6692634020e-02  9.9871610944e-01 
 1.7782794100e+09  7.2517173219e-01  9.8801367853e-03 -4.0598180536e+00  2.0169714191e-01 -8.1702014328e-06 -3.7153804494e-06  1.0723227854e-01  9.9400473823e-01 
 1.8836490895e+09  7.3568295237e-01  1.6327123927e-02 -4.0494959408e+00  4.3196841051e-01 -9.3519354681e-06 -4.0860876843e-06  1.6693330041e-01  9.8569625396e-01 
 1.9952623150e+09  7.5245860227e-01  2.2346345623e-02 -4.0272777040e+00  6.6217897820e-01 -1.0739102448e-05 -4.5012881063e-06  2.2542412600e-01  9.7393830699e-01 
 2.1134890398e+09  7.7879052173e-01  2.4138314214e-02 -3.9982058888e+00  9.0148061528e-01 -1.2402622244e-05 -4.9470786230e-06  2.8236349705e-01  9.5892534816e-01 
 2.2387211386e+09  8.1599048324e-01  1.1802264769e-02 -3.9562541399e+00  1.1713543333e+00 -1.4436972479e-05 -5.3433725891e-06  3.3744754084e-01  9.4089140899e-01 
 2.3713737057e+09  8.5177398900e-01 -2.9641521065e-02 -3.8583941996e+00  1.4899696216e+00 -1.6852681000e-05 -5.4789834919e-06  3.9041472925e-01  9.2010187737e-01 
 2.5118864315e+09  8.5453587034e-01 -9.4066202320e-02 -3.6412738045e+00  1.8048132712e+00 -1.9360427602e-05 -5.2034715027e-06  4.4104890533e-01  8.9684542094e-01 
 2.6607250598e+09  8.1913626846e-01 -1.4183351676e-01 -3.3417389842e+00  2.0165359588e+00 -2.1691739707e-05 -4.8259264339e-06  4.8918183883e-01  8.7142570102e-01 
 2.8183829313e+09  7.7728686069e-01 -1.5841072753e-01 -3.0534373432e+00  2.1270943122e+00 -2.4062109716e-05 -4.6697941334e-06  5.3469333365e-01  8.4415133588e-01 
 2.9853826189e+09  7.4603154332e-01 -1.5807771316e-01 -2.8027238640e+00  2.1890876466e+00 -2.6745803495e-05 -4.7132645811e-06  5.7750780562e-01  8.1532782286e-01 
 3.1622776602e+09  7.2529964163e-01 -1.5256036101e-01 -2.5789452591e+00  2.2299992544e+00 -2.9855796016e-05 -4.8470008414e-06  6.1759079062e-01  7.8525166243e-01 
 3.3496543916e+09  7.1158991286e-01 -1.4659132255e-01 -2.3712662475e+00  2.2575421091e+00 -3.3435368223e-05 -4.9995176424e-06  6.5494510398e-01  7.5420498059e-01 
 3.5481338923e+09  7.0220927326e-01 -1.4160825534e-01 -2.1742136294e+00  2.2730446824e+00 -3.7519089797e-05 -5.1316001045e-06  6.8960619009e-01  7.2245111009e-01 
 3.7583740429e+09  6.9550430027e-01 -1.3790125139e-01 -1.9857139301e+00  2.2766234361e+00 -4.2149079489e-05 -5.2187466319e-06  7.2163707198e-01  6.9023140416e-01 
 3.9810717055e+09  6.9049670258e-01 -1.3541390723e-01 -1.8053137741e+00  2.2685446005e+00 -4.7377584467e-05 -5.2415061349e-06  7.5112325799e-01  6.5776320981e-01 
 4.2169650343e+09  6.8659905645e-01 -1.3400924910e-01 -1.6332185006e+00  2.2494416952e+00 -5.3266931495e-05 -5.1809221110e-06  7.7816783807e-01  6.2523885343e-01 
 4.4668359215e+09  6.8344736896e-01 -1.3355184657e-01 -1.4698263761e+00  2.2202496949e+00 -5.9889405799e-05 -5.0162410018e-06  8.0288692745e-01  5.9282547545e-01 
 4.7315125896e+09  6.8080760917e-01 -1.3392924079e-01 -1.3155136144e+00  2.1820939470e+00 -6.7327472268e-05 -4.7235251391e-06  8.2540556038e-01  5.6066554703e-01 
 5.0118723363e+09  6.7852335163e-01 -1.3505410607e-01 -1.1705428966e+00  2.1361925948e+00 -7.5674322022e-05 -4.2745837861e-06  8.4585409053e-01  5.2887790704e-01 
 5.3088444423e+09  6.7648579084e-01 -1.3686097794e-01 -1.0350330689e+00  2.0837826444e+00 -8.5034675106e-05 -3.6359628215e-06  8.6436511654e-01  4.9755917074e-01 
 5.6234132519e+09  6.7461607289e-01 -1.3930206631e-01 -9.0895914289e-01  2.0260676471e+00 -9.5525786149e-05 -2.7678664079e-06  8.8107092217e-01  4.6678537962e-01 
 5.9566214353e+09  6.7285456683e-01 -1.4234350643e-01 -7.9216679730e-01  1.9641826929e+00 -1.0727861956e-04 -1.6229371683e-06  8.9610139886e-01  4.3661378317e-01 
 6.3095734448e+09  6.7115415006e-01 -1.4596233724e-01 -6.8439302380e-01  1.8991726344e+00 -1.2043917404e-04 -1.4484151365e-07  9.0958240497e-01  4.0708466467e-01 
 6.6834391757e+09  6.6947587678e-01 -1.5014416246e-01 -5.8528840664e-01  1.8319801782e+00 -1.3516994311e-04  1.7333874599e-06  9.2163450827e-01  3.7822314424e-01 
 7.0794578438e+09  6.6778609632e-01 -1.5488136632e-01 -4.9443861514e-01  1.7634411821e+00 -1.5165150100e-04  4.0912979818e-06  9.3237205549e-01  3.5004091081e-01 
 7.4989420933e+09  6.6605447298e-01 -1.6017175435e-01 -4.1138386824e-01  1.6942850798e+00 -1.7008420230e-04  7.0233113168e-06  9.4190251414e-01  3.2253785103e-01 
 7.9432823472e+09  6.6425257716e-01 -1.6601751046e-01 -3.3563581919e-01  1.6251388316e+00 -1.9068998043e-04  1.0641416276e-05  9.5032603533e-01  2.9570355633e-01 
 8.4139514165e+09  6.6235284422e-01 -1.7242438558e-01 -2.6669171305e-01  1.5565331683e+00 -2.1371422386e-04  1.5078333285e-05  9.5773519209e-01  2.6951869976e-01 
 8.9125093813e+09  6.6032777255e-01 -1.7940105269e-01 -2.0404590384e-01  1.4889102034e+00 -2.3942770077e-04  2.0491223399e-05  9.6421485357e-01  2.4395628174e-01 
 9.4406087629e+09  6.5814927865e-01 -1.8695857904e-01 -1.4719894713e-01  1.4226317238e+00 -2.6812849122e-04  2.7066027087e-05  9.6984216204e-01  2.1898274935e-01 
 1.0000000000e+10  6.5578815519e-01 -1.9510997785e-01 -9.5664545803e-02  1.3579876577e+00 -3.0014387137e-04  3.5022527490e-05  9.7468658560e-01  1.9455899652e-01 
 1.0592537252e+10  6.5321359660e-01 -2.0386981000e-01 -4.8974647263e-02  1.2952043682e+00 -3.3583207591e-04  4.4620243063e-05  9.7881002457e-01  1.7064125486e-01 
 1.1220184543e+10  6.5039276865e-01 -2.1325381221e-01 -6.6829862546e-03  1.2344525317e+00 -3.7558384127e-04  5.6165264352e-05  9.8226695415e-01  1.4718188465e-01 
 1.1885022274e+10  6.4729040662e-01 -2.2327853245e-01  3.1632651880e-02  1.1758544486e+00 -4.1982360391e-04  7.0018158724e-05  9.8510458908e-01  1.2413007612e-01 
 1.2589254118e+10  6.4386843262e-01 -2.3396095594e-01  6.6369198557e-02  1.1194906955e+00 -4.6901019244e-04  8.6603074017e-05  9.8736305886e-01  1.0143247027e-01 
 1.3335214322e+10  6.4008558675e-01 -2.4531810734e-01  9.7897879957e-02  1.0654060773e+00 -5.2363680960e-04  1.0641817615e-04  9.8907558353e-01  7.9033708351e-02 
 1.4125375446e+10  6.3589707062e-01 -2.5736661560e-01  1.2656441439e-01  1.0136148689e+00 -5.8423004877e-04  1.3004755484e-04  9.9026864179e-01  5.6876918565e-02 
 1.4962356561e+10  6.3125420487e-01 -2.7012222925e-01  1.5268966469e-01  9.6410536219e-01 -6.5134762842e-04  1.5817472345e-04  9.9096212367e-01  3.4904148872e-02 
 1.5848931925e+10  6.2610410500e-01 -2.8359927016e-01  1.7657060546e-01  9.1684374623e-01 -7.2557445627e-04  1.9159782061e-04  9.9116946114e-01  1.3056754615e-02 
 1.6788040181e+10  6.2038938348e-01 -2.9781001472e-01  1.9848148612e-01  8.7177736346e-01 -8.0751655262e-04  2.3124658836e-04  9.9089773065e-01 -8.7242495541e-03 
 1.7782794100e+10  6.1404788875e-01 -3.1276399192e-01  2.1867508877e-01  8.2883738697e-01 -8.9779226870e-04  2.7820115028e-04  9.9014772238e-01 -3.0497863483e-02 
 1.8836490895e+10  6.0701249565e-01 -3.2846718896e-01  2.3738399458e-01  7.8794097067e-01 -9.9702013339e-04  3.3371253607e-04  9.8891397229e-01 -5.2322790283e-02 
 1.9952623150e+10  5.9921096527e-01 -3.4492115668e-01  2.5482178466e-01  7.4899292530e-01 -1.1058025518e-03  3.9922479100e-04  9.8718475372e-01 -7.4257128461e-02 
 2.1134890398e+10  5.9056589675e-01 -3.6212200911e-01  2.7118411092e-01  7.1188697534e-01 -1.2247044669e-03  4.7639836059e-04  9.8494202722e-01 -9.6358054995e-02 
 2.2387211386e+10  5.8099479732e-01 -3.8005931529e-01  2.8664957981e-01  6.7650665416e-01 -1.3542259904e-03  5.6713424437e-04  9.8216134845e-01 -1.1868148609e-01 
 2.3713737057e+10  5.7041030176e-01 -3.9871488546e-01  3.0138039801e-01  6.4272589699e-01 -1.4947679147e-03  6.7359815957e-04  9.7881173595e-01 -1.4128170156e-01 
 2.5118864315e+10  5.5872057613e-01 -4.1806146028e-01  3.1552273385e-01  6.1040939585e-01 -1.6465889641e-03  7.9824363641e-04  9.7485550281e-01 -1.6421091803e-01 
 2.6607250598e+10  5.4582994459e-01 -4.3806131936e-01  3.2920675334e-01  5.7941278625e-01 -1.8097536330e-03  9.4383257662e-04  9.7024805831e-01 -1.8751879541e-01 
 2.8183829313e+10  5.3163978038e-01 -4.5866483520e-01  3.4254629493e-01  5.4958274323e-01 -1.9840695325e-03  1.1134513424e-03  9.6493768891e-01 -2.1125186066e-01 
 2.9853826189e+10  5.1604970277e-01 -4.7980901071e-01  3.5563815456e-01  5.2075707447e-01 -2.1690133547e-03  1.3105199084e-03  9.5886533087e-01 -2.3545283242e-01 
