 frequency         nf290            
 2.4000000000e+09  2.1355904801e+00 
 2.4041750000e+09  2.1331319261e+00 
 2.4083500000e+09  2.1308447886e+00 
 2.4125250000e+09  2.1287318443e+00 
 2.4167000000e+09  2.1267955625e+00 
 2.4208750000e+09  2.1250380959e+00 
 2.4250500000e+09  2.1234612723e+00 
 2.4292250000e+09  2.1220665885e+00 
 2.4334000000e+09  2.1208552059e+00 
 2.4375750000e+09  2.1198279462e+00 
 2.4417500000e+09  2.1189852908e+00 
 2.4459250000e+09  2.1183273797e+00 
 2.4501000000e+09  2.1178540135e+00 
 2.4542750000e+09  2.1175646562e+00 
 2.4584500000e+09  2.1174584395e+00 
 2.4626250000e+09  2.1175341691e+00 
 2.4668000000e+09  2.1177903315e+00 
 2.4709750000e+09  2.1182251032e+00 
 2.4751500000e+09  2.1188363604e+00 
 2.4793250000e+09  2.1196216902e+00 
 2.4835000000e+09  2.1205784027e+00 
