 frequency         nf290            
 2.4000000000e+09  2.1357635127e+00 
 2.4041750000e+09  2.1340528540e+00 
 2.4083500000e+09  2.1324653922e+00 
 2.4125250000e+09  2.1310024915e+00 
 2.4167000000e+09  2.1296653593e+00 
 2.4208750000e+09  2.1284550425e+00 
 2.4250500000e+09  2.1273724254e+00 
 2.4292250000e+09  2.1264182269e+00 
 2.4334000000e+09  2.1255929996e+00 
 2.4375750000e+09  2.1248971283e+00 
 2.4417500000e+09  2.1243308294e+00 
 2.4459250000e+09  2.1238941513e+00 
 2.4501000000e+09  2.1235869750e+00 
 2.4542750000e+09  2.1234090145e+00 
 2.4584500000e+09  2.1233598196e+00 
 2.4626250000e+09  2.1234387769e+00 
 2.4668000000e+09  2.1236451133e+00 
 2.4709750000e+09  2.1239778987e+00 
 2.4751500000e+09  2.1244360498e+00 
 2.4793250000e+09  2.1250183341e+00 
 2.4835000000e+09  2.1257233744e+00 
