 frequency         real(s_2_2)       imag(s_2_2)       real(s_1_1)       imag(s_1_1)      
 2.4000000000e+09  9.9900261578e-01 -2.3697353135e-02  7.0170570715e-01 -3.5435292765e-02 
 2.4083500000e+09  9.9899483671e-01 -2.3824433866e-02  7.0164244264e-01 -3.5468160100e-02 
 2.4167000000e+09  9.9898703333e-01 -2.3951341860e-02  7.0157951313e-01 -3.5500931736e-02 
 2.4250500000e+09  9.9897920572e-01 -2.4078078731e-02  7.0151691693e-01 -3.5533609907e-02 
 2.4334000000e+09  9.9897135392e-01 -2.4204646072e-02  7.0145465233e-01 -3.5566196812e-02 
 2.4417500000e+09  9.9896347803e-01 -2.4331045452e-02  7.0139271761e-01 -3.5598694622e-02 
 2.4501000000e+09  9.9895557809e-01 -2.4457278420e-02  7.0133111108e-01 -3.5631105480e-02 
 2.4584500000e+09  9.9894765419e-01 -2.4583346502e-02  7.0126983103e-01 -3.5663431500e-02 
 2.4668000000e+09  9.9893970638e-01 -2.4709251205e-02  7.0120887574e-01 -3.5695674764e-02 
 2.4751500000e+09  9.9893173473e-01 -2.4834994016e-02  7.0114824352e-01 -3.5727837329e-02 
 2.4835000000e+09  9.9892373931e-01 -2.4960576398e-02  7.0108793266e-01 -3.5759921223e-02 
