 frequency         real(s_1_1)       imag(s_1_1)       real(s_2_1)       imag(s_2_1)       real(s_1_2)       imag(s_1_2)       real(s_2_2)       imag(s_2_2)       real(NF)          real(NFmin)       real(Rn)          real(SOpt)        imag(SOpt)       
 2.4000000000e+09  7.0421748930e-01 -3.6801330837e-02 -3.4498489683e+00  1.1501616831e+00 -1.5950865941e-05 -5.0449881732e-06  4.0116342184e-01  9.1545058045e-01  2.6815332591e+00  2.4502027862e+00  2.6048226667e+01  2.7310836067e-01  1.5188196005e-02 
 2.4083500000e+09  7.0416464166e-01 -3.6849403436e-02 -3.4419206213e+00  1.1594322979e+00 -1.6072926325e-05 -5.0647369085e-06  4.0425671682e-01  9.1408396015e-01  2.6820895555e+00  2.4506140959e+00  2.6056952118e+01  2.7317698651e-01  1.5214098606e-02 
 2.4167000000e+09  7.0411208504e-01 -3.6897426082e-02 -3.4339726501e+00  1.1686061826e+00 -1.6195450479e-05 -5.0844416833e-06  4.0733066546e-01  9.1271342674e-01  2.6826476359e+00  2.4510267018e+00  2.6065706629e+01  2.7324581211e-01  1.5240091639e-02 
 2.4250500000e+09  7.0405981768e-01 -3.6945400483e-02 -3.4260059893e+00  1.1776839997e+00 -1.6318438191e-05 -5.1041021840e-06  4.1038539261e-01  9.1133910220e-01  2.6832074986e+00  2.4514406025e+00  2.6074490185e+01  2.7331483706e-01  1.5266174151e-02 
 2.4334000000e+09  7.0400783783e-01 -3.6993328325e-02 -3.4180215566e+00  1.1866664131e+00 -1.6441889248e-05 -5.1237181001e-06  4.1342102262e-01  9.0996110650e-01  2.6837691420e+00  2.4518557968e+00  2.6083302767e+01  2.7338406094e-01  1.5292345200e-02 
 2.4417500000e+09  7.0395614373e-01 -3.7041211263e-02 -3.4100202533e+00  1.1955540873e+00 -1.6565803437e-05 -5.1432891234e-06  4.1643767937e-01  9.0857955764e-01  2.6843325645e+00  2.4522722834e+00  2.6092144360e+01  2.7345348335e-01  1.5318603858e-02 
 2.4501000000e+09  7.0390473365e-01 -3.7089050930e-02 -3.4020029646e+00  1.2043476876e+00 -1.6690180547e-05 -5.1628149487e-06  4.1943548622e-01  9.0719457170e-01  2.6848977642e+00  2.4526900608e+00  2.6101014946e+01  2.7352310386e-01  1.5344949210e-02 
 2.4584500000e+09  7.0385360584e-01 -3.7136848934e-02 -3.3939705595e+00  1.2130478799e+00 -1.6815020367e-05 -5.1822952734e-06  4.2241456602e-01  9.0580626285e-01  2.6854647395e+00  2.4531091278e+00  2.6109914508e+01  2.7359292207e-01  1.5371380352e-02 
 2.4668000000e+09  7.0380275856e-01 -3.7184606855e-02 -3.3859238915e+00  1.2216553305e+00 -1.6940322687e-05 -5.2017297972e-06  4.2537504110e-01  9.0441474337e-01  2.6860334889e+00  2.4535294831e+00  2.6118843030e+01  2.7366293756e-01  1.5397896394e-02 
 2.4751500000e+09  7.0375219009e-01 -3.7232326251e-02 -3.3778637982e+00  1.2301707058e+00 -1.7066087300e-05 -5.2211182226e-06  4.2831703329e-01  9.0302012371e-01  2.6866040104e+00  2.4539511252e+00  2.6127800494e+01  2.7373314992e-01  1.5424496457e-02 
 2.4835000000e+09  7.0370189868e-01 -3.7280008655e-02 -3.3697911021e+00  1.2385946721e+00 -1.7192313996e-05 -5.2404602547e-06  4.3124066386e-01  9.0162251246e-01  2.6871763025e+00  2.4543740529e+00  2.6136786884e+01  2.7380355872e-01  1.5451179673e-02 
