 1.00000000e+07  2.26494480e+00  1.00000000e+07  1.00000000e+00  1.00000000e+07  9.71338262e-01  1.00000000e+07  9.71338264e-01  1.00000000e+07  2.02710320e-02  1.00000000e+07  9.99999998e-01 
 1.05925373e+07  2.14486412e+00  1.05925373e+07  1.00000000e+00  1.05925373e+07  9.71315403e-01  1.05925373e+07  9.71315405e-01  1.05925373e+07  2.26558107e-02  1.05925373e+07  9.99999998e-01 
 1.12201845e+07  2.01426596e+00  1.12201845e+07  1.00000000e+00  1.12201845e+07  9.71291614e-01  1.12201845e+07  9.71291617e-01  1.12201845e+07  2.53092749e-02  1.12201845e+07  9.99999997e-01 
 1.18850223e+07  1.87295289e+00  1.18850223e+07  1.00000000e+00  1.18850223e+07  9.71266701e-01  1.18850223e+07  9.71266704e-01  1.18850223e+07  2.82589495e-02  1.18850223e+07  9.99999997e-01 
 1.25892541e+07  1.72093690e+00  1.25892541e+07  1.00000000e+00  1.25892541e+07  9.71240480e-01  1.25892541e+07  9.71240484e-01  1.25892541e+07  3.15345510e-02  1.25892541e+07  9.99999996e-01 
 1.33352143e+07  1.55851345e+00  1.33352143e+07  1.00000000e+00  1.33352143e+07  9.71212776e-01  1.33352143e+07  9.71212781e-01  1.33352143e+07  3.51680229e-02  1.33352143e+07  9.99999995e-01 
 1.41253754e+07  1.38631351e+00  1.41253754e+07  1.00000000e+00  1.41253754e+07  9.71183430e-01  1.41253754e+07  9.71183436e-01  1.41253754e+07  3.91935400e-02  1.41253754e+07  9.99999994e-01 
 1.49623566e+07  1.20535746e+00  1.49623566e+07  1.00000000e+00  1.49623566e+07  9.71152296e-01  1.49623566e+07  9.71152303e-01  1.49623566e+07  4.36474744e-02  1.49623566e+07  9.99999994e-01 
 1.58489319e+07  1.01708879e+00  1.58489319e+07  1.00000000e+00  1.58489319e+07  9.71119250e-01  1.58489319e+07  9.71119257e-01  1.58489319e+07  4.85683185e-02  1.58489319e+07  9.99999993e-01 
 1.67880402e+07  8.23383070e-01  1.67880402e+07  9.99999999e-01  1.67880402e+07  9.71084187e-01  1.67880402e+07  9.71084195e-01  1.67880402e+07  5.39965594e-02  1.67880402e+07  9.99999992e-01 
 1.77827941e+07  6.26531889e-01  1.77827941e+07  9.99999998e-01  1.77827941e+07  9.71047032e-01  1.77827941e+07  9.71047041e-01  1.77827941e+07  5.99745031e-02  1.77827941e+07  9.99999991e-01 
 1.88364909e+07  4.29159722e-01  1.88364909e+07  9.99999996e-01  1.88364909e+07  9.71007739e-01  1.88364909e+07  9.71007749e-01  1.88364909e+07  6.65460460e-02  1.88364909e+07  9.99999991e-01 
 1.99526231e+07  2.34124402e-01  1.99526231e+07  9.99999993e-01  1.99526231e+07  9.70966294e-01  1.99526231e+07  9.70966305e-01  1.99526231e+07  7.37563979e-02  1.99526231e+07  9.99999990e-01 
 2.11348904e+07  4.43628166e-02  2.11348904e+07  9.99999989e-01  2.11348904e+07  9.70922723e-01  2.11348904e+07  9.70922733e-01  2.11348904e+07  8.16517623e-02  2.11348904e+07  9.99999990e-01 
 2.23872114e+07 -1.37276094e-01  2.23872114e+07  9.99999984e-01  2.23872114e+07  9.70877087e-01  2.23872114e+07  9.70877098e-01  2.23872114e+07  9.02789835e-02  2.23872114e+07  9.99999990e-01 
 2.37137371e+07 -3.08205800e-01  2.37137371e+07  9.99999978e-01  2.37137371e+07  9.70829492e-01  2.37137371e+07  9.70829502e-01  2.37137371e+07  9.96851777e-02  2.37137371e+07  9.99999990e-01 
 2.51188643e+07 -4.66252019e-01  2.51188643e+07  9.99999969e-01  2.51188643e+07  9.70780081e-01  2.51188643e+07  9.70780091e-01  2.51188643e+07  1.09917366e-01  2.51188643e+07  9.99999992e-01 
 2.66072506e+07 -6.09765994e-01  2.66072506e+07  9.99999958e-01  2.66072506e+07  9.70729039e-01  2.66072506e+07  9.70729046e-01  2.66072506e+07  1.21022131e-01  2.66072506e+07  9.99999993e-01 
 2.81838293e+07 -7.37684540e-01  2.81838293e+07  9.99999943e-01  2.81838293e+07  9.70676583e-01  2.81838293e+07  9.70676589e-01  2.81838293e+07  1.33045328e-01  2.81838293e+07  9.99999996e-01 
 2.98538262e+07 -8.49536783e-01  2.98538262e+07  9.99999925e-01  2.98538262e+07  9.70622966e-01  2.98538262e+07  9.70622968e-01  2.98538262e+07  1.46031864e-01  2.98538262e+07  1.00000000e+00 
 3.16227766e+07 -9.45403066e-01  3.16227766e+07  9.99999903e-01  3.16227766e+07  9.70568461e-01  3.16227766e+07  9.70568459e-01  3.16227766e+07  1.60025579e-01  3.16227766e+07  1.00000000e+00 
 3.34965439e+07 -1.02583760e+00  3.34965439e+07  9.99999876e-01  3.34965439e+07  9.70513361e-01  3.34965439e+07  9.70513354e-01  3.34965439e+07  1.75069248e-01  3.34965439e+07  1.00000001e+00 
 3.54813389e+07 -1.09176998e+00  3.54813389e+07  9.99999844e-01  3.54813389e+07  9.70457964e-01  3.54813389e+07  9.70457951e-01  3.54813389e+07  1.91204701e-01  3.54813389e+07  1.00000002e+00 
 3.75837404e+07 -1.14439946e+00  3.75837404e+07  9.99999805e-01  3.75837404e+07  9.70402568e-01  3.75837404e+07  9.70402548e-01  3.75837404e+07  2.08473085e-01  3.75837404e+07  1.00000003e+00 
 3.98107171e+07 -1.18509320e+00  3.98107171e+07  9.99999759e-01  3.98107171e+07  9.70347460e-01  3.98107171e+07  9.70347432e-01  3.98107171e+07  2.26915253e-01  3.98107171e+07  1.00000004e+00 
 4.21696503e+07 -1.21529596e+00  4.21696503e+07  9.99999704e-01  4.21696503e+07  9.70292906e-01  4.21696503e+07  9.70292869e-01  4.21696503e+07  2.46572263e-01  4.21696503e+07  1.00000005e+00 
 4.46683592e+07 -1.23645648e+00  4.46683592e+07  9.99999641e-01  4.46683592e+07  9.70239143e-01  4.46683592e+07  9.70239095e-01  4.46683592e+07  2.67485974e-01  4.46683592e+07  1.00000006e+00 
 4.73151259e+07 -1.24997047e+00  4.73151259e+07  9.99999567e-01  4.73151259e+07  9.70186371e-01  4.73151259e+07  9.70186313e-01  4.73151259e+07  2.89699717e-01  4.73151259e+07  1.00000007e+00 
 5.01187234e+07 -1.25714019e+00  5.01187234e+07  9.99999481e-01  5.01187234e+07  9.70134750e-01  5.01187234e+07  9.70134680e-01  5.01187234e+07  3.13258992e-01  5.01187234e+07  1.00000008e+00 
 5.30884444e+07 -1.25914902e+00  5.30884444e+07  9.99999383e-01  5.30884444e+07  9.70084391e-01  5.30884444e+07  9.70084310e-01  5.30884444e+07  3.38212186e-01  5.30884444e+07  1.00000010e+00 
 5.62341325e+07 -1.25704754e+00  5.62341325e+07  9.99999271e-01  5.62341325e+07  9.70035360e-01  5.62341325e+07  9.70035267e-01  5.62341325e+07  3.64611270e-01  5.62341325e+07  1.00000011e+00 
 5.95662144e+07 -1.25174947e+00  5.95662144e+07  9.99999142e-01  5.95662144e+07  9.69987670e-01  5.95662144e+07  9.69987565e-01  5.95662144e+07  3.92512449e-01  5.95662144e+07  1.00000013e+00 
 6.30957344e+07 -1.24403433e+00  6.30957344e+07  9.99998997e-01  6.30957344e+07  9.69941286e-01  6.30957344e+07  9.69941170e-01  6.30957344e+07  4.21976765e-01  6.30957344e+07  1.00000015e+00 
 6.68343918e+07 -1.23455483e+00  6.68343918e+07  9.99998831e-01  6.68343918e+07  9.69896124e-01  6.68343918e+07  9.69895996e-01  6.68343918e+07  4.53070611e-01  6.68343918e+07  1.00000016e+00 
 7.07945784e+07 -1.22384736e+00  7.07945784e+07  9.99998645e-01  7.07945784e+07  9.69852053e-01  7.07945784e+07  9.69851915e-01  7.07945784e+07  4.85866177e-01  7.07945784e+07  1.00000018e+00 
 7.49894209e+07 -1.21234413e+00  7.49894209e+07  9.99998433e-01  7.49894209e+07  9.69808898e-01  7.49894209e+07  9.69808750e-01  7.49894209e+07  5.20441803e-01  7.49894209e+07  1.00000019e+00 
 7.94328235e+07 -1.20038573e+00  7.94328235e+07  9.99998195e-01  7.94328235e+07  9.69766442e-01  7.94328235e+07  9.69766285e-01  7.94328235e+07  5.56882259e-01  7.94328235e+07  1.00000021e+00 
 8.41395142e+07 -1.18823360e+00  8.41395142e+07  9.99997927e-01  8.41395142e+07  9.69724429e-01  8.41395142e+07  9.69724264e-01  8.41395142e+07  5.95278931e-01  8.41395142e+07  1.00000023e+00 
 8.91250938e+07 -1.17608182e+00  8.91250938e+07  9.99997626e-01  8.91250938e+07  9.69682564e-01  8.91250938e+07  9.69682392e-01  8.91250938e+07  6.35729942e-01  8.91250938e+07  1.00000024e+00 
 9.44060876e+07 -1.16406788e+00  9.44060876e+07  9.99997287e-01  9.44060876e+07  9.69640517e-01  9.44060876e+07  9.69640339e-01  9.44060876e+07  6.78340192e-01  9.44060876e+07  1.00000026e+00 
 1.00000000e+08 -1.15228224e+00  1.00000000e+08  9.99996907e-01  1.00000000e+08  9.69597922e-01  1.00000000e+08  9.69597740e-01  1.00000000e+08  7.23221337e-01  1.00000000e+08  1.00000028e+00 
 1.05925373e+08 -1.14077675e+00  1.05925373e+08  9.99996480e-01  1.05925373e+08  9.69554378e-01  1.05925373e+08  9.69554193e-01  1.05925373e+08  7.70491684e-01  1.05925373e+08  1.00000029e+00 
 1.12201845e+08 -1.12957186e+00  1.12201845e+08  9.99996001e-01  1.12201845e+08  9.69509449e-01  1.12201845e+08  9.69509263e-01  1.12201845e+08  8.20276034e-01  1.12201845e+08  1.00000031e+00 
 1.18850223e+08 -1.11866269e+00  1.18850223e+08  9.99995464e-01  1.18850223e+08  9.69462660e-01  1.18850223e+08  9.69462475e-01  1.18850223e+08  8.72705428e-01  1.18850223e+08  1.00000032e+00 
 1.25892541e+08 -1.10802408e+00  1.25892541e+08  9.99994863e-01  1.25892541e+08  9.69413500e-01  1.25892541e+08  9.69413317e-01  1.25892541e+08  9.27916827e-01  1.25892541e+08  1.00000034e+00 
 1.33352143e+08 -1.09761472e+00  1.33352143e+08  9.99994189e-01  1.33352143e+08  9.69361412e-01  1.33352143e+08  9.69361235e-01  1.33352143e+08  9.86052686e-01  1.33352143e+08  1.00000036e+00 
 1.41253754e+08 -1.08738052e+00  1.41253754e+08  9.99993435e-01  1.41253754e+08  9.69305797e-01  1.41253754e+08  9.69305627e-01  1.41253754e+08  1.04726041e+00  1.41253754e+08  1.00000037e+00 
 1.49623566e+08 -1.07725731e+00  1.49623566e+08  9.99992590e-01  1.49623566e+08  9.69246005e-01  1.49623566e+08  9.69245845e-01  1.49623566e+08  1.11169171e+00  1.49623566e+08  1.00000039e+00 
 1.58489319e+08 -1.06717295e+00  1.58489319e+08  9.99991646e-01  1.58489319e+08  9.69181331e-01  1.58489319e+08  9.69181184e-01  1.58489319e+08  1.17950172e+00  1.58489319e+08  1.00000040e+00 
 1.67880402e+08 -1.05704902e+00  1.67880402e+08  9.99990591e-01  1.67880402e+08  9.69111011e-01  1.67880402e+08  9.69110880e-01  1.67880402e+08  1.25084805e+00  1.67880402e+08  1.00000042e+00 
 1.77827941e+08 -1.04680218e+00  1.77827941e+08  9.99989411e-01  1.77827941e+08  9.69034215e-01  1.77827941e+08  9.69034104e-01  1.77827941e+08  1.32588953e+00  1.77827941e+08  1.00000044e+00 
 1.88364909e+08 -1.03634519e+00  1.88364909e+08  9.99988094e-01  1.88364909e+08  9.68950042e-01  1.88364909e+08  9.68949956e-01  1.88364909e+08  1.40478470e+00  1.88364909e+08  1.00000045e+00 
 1.99526231e+08 -1.02558785e+00  1.99526231e+08  9.99986623e-01  1.99526231e+08  9.68857512e-01  1.99526231e+08  9.68857456e-01  1.99526231e+08  1.48769004e+00  1.99526231e+08  1.00000047e+00 
 2.11348904e+08 -1.01443770e+00  2.11348904e+08  9.99984983e-01  2.11348904e+08  9.68755563e-01  2.11348904e+08  9.68755543e-01  2.11348904e+08  1.57475784e+00  2.11348904e+08  1.00000048e+00 
 2.23872114e+08 -1.00280077e+00  2.23872114e+08  9.99983155e-01  2.23872114e+08  9.68643039e-01  2.23872114e+08  9.68643063e-01  2.23872114e+08  1.66613365e+00  2.23872114e+08  1.00000050e+00 
 2.37137371e+08 -9.90582295e-01  2.37137371e+08  9.99981120e-01  2.37137371e+08  9.68518690e-01  2.37137371e+08  9.68518765e-01  2.37137371e+08  1.76195333e+00  2.37137371e+08  1.00000051e+00 
 2.51188643e+08 -9.77687383e-01  2.51188643e+08  9.99978855e-01  2.51188643e+08  9.68381161e-01  2.51188643e+08  9.68381299e-01  2.51188643e+08  1.86233950e+00  2.51188643e+08  1.00000052e+00 
 2.66072506e+08 -9.64021889e-01  2.66072506e+08  9.99976337e-01  2.66072506e+08  9.68228993e-01  2.66072506e+08  9.68229205e-01  2.66072506e+08  1.96739756e+00  2.66072506e+08  1.00000052e+00 
 2.81838293e+08 -9.49493282e-01  2.81838293e+08  9.99973542e-01  2.81838293e+08  9.68060615e-01  2.81838293e+08  9.68060916e-01  2.81838293e+08  2.07721092e+00  2.81838293e+08  1.00000052e+00 
 2.98538262e+08 -9.34011653e-01  2.98538262e+08  9.99970442e-01  2.98538262e+08  9.67874344e-01  2.98538262e+08  9.67874753e-01  2.98538262e+08  2.19183576e+00  2.98538262e+08  1.00000051e+00 
 3.16227766e+08 -9.17490820e-01  3.16227766e+08  9.99967010e-01  3.16227766e+08  9.67668388e-01  3.16227766e+08  9.67668925e-01  3.16227766e+08  2.31129494e+00  3.16227766e+08  1.00000048e+00 
 3.34965439e+08 -8.99849513e-01  3.34965439e+08  9.99963215e-01  3.34965439e+08  9.67440846e-01  3.34965439e+08  9.67441539e-01  3.34965439e+08  2.43557121e+00  3.34965439e+08  1.00000045e+00 
 3.54813389e+08 -8.81012613e-01  3.54813389e+08  9.99959026e-01  3.54813389e+08  9.67189720e-01  3.54813389e+08  9.67190600e-01  3.54813389e+08  2.56459979e+00  3.54813389e+08  1.00000039e+00 
 3.75837404e+08 -8.60912392e-01  3.75837404e+08  9.99954410e-01  3.75837404e+08  9.66912924e-01  3.75837404e+08  9.66914028e-01  3.75837404e+08  2.69826014e+00  3.75837404e+08  1.00000030e+00 
 3.98107171e+08 -8.39489703e-01  3.98107171e+08  9.99949336e-01  3.98107171e+08  9.66608301e-01  3.98107171e+08  9.66609677e-01  3.98107171e+08  2.83636723e+00  3.98107171e+08  1.00000019e+00 
 4.21696503e+08 -8.16695042e-01  4.21696503e+08  9.99943770e-01  4.21696503e+08  9.66273651e-01  4.21696503e+08  9.66275356e-01  4.21696503e+08  2.97866228e+00  4.21696503e+08  1.00000003e+00 
 4.46683592e+08 -7.92489403e-01  4.46683592e+08  9.99937680e-01  4.46683592e+08  9.65906757e-01  4.46683592e+08  9.65908860e-01  4.46683592e+08  3.12480325e+00  4.46683592e+08  9.99999816e-01 
 4.73151259e+08 -7.66844860e-01  4.73151259e+08  9.99931034e-01  4.73151259e+08  9.65505429e-01  4.73151259e+08  9.65508013e-01  4.73151259e+08  3.27435535e+00  4.73151259e+08  9.99999534e-01 
 5.01187234e+08 -7.39744801e-01  5.01187234e+08  9.99923803e-01  5.01187234e+08  9.65067544e-01  5.01187234e+08  9.65070712e-01  5.01187234e+08  3.42678195e+00  5.01187234e+08  9.99999167e-01 
 5.30884444e+08 -7.11183766e-01  5.30884444e+08  9.99915961e-01  5.30884444e+08  9.64591109e-01  5.30884444e+08  9.64594985e-01  5.30884444e+08  3.58143629e+00  5.30884444e+08  9.99998691e-01 
 5.62341325e+08 -6.81166860e-01  5.62341325e+08  9.99907487e-01  5.62341325e+08  9.64074321e-01  5.62341325e+08  9.64079055e-01  5.62341325e+08  3.73755472e+00  5.62341325e+08  9.99998080e-01 
 5.95662144e+08 -6.49708742e-01  5.95662144e+08  9.99898364e-01  5.95662144e+08  9.63515637e-01  5.95662144e+08  9.63521413e-01  5.95662144e+08  3.89425191e+00  5.95662144e+08  9.99997303e-01 
 6.30957344e+08 -6.16832228e-01  6.30957344e+08  9.99888583e-01  6.30957344e+08  9.62913856e-01  6.30957344e+08  9.62920893e-01  6.30957344e+08  4.05051900e+00  6.30957344e+08  9.99996318e-01 
 6.68343918e+08 -5.82566571e-01  6.68343918e+08  9.99878145e-01  6.68343918e+08  9.62268196e-01  6.68343918e+08  9.62276760e-01  6.68343918e+08  4.20522529e+00  6.68343918e+08  9.99995080e-01 
 7.07945784e+08 -5.46945518e-01  7.07945784e+08  9.99867058e-01  7.07945784e+08  9.61578374e-01  7.07945784e+08  9.61588785e-01  7.07945784e+08  4.35712429e+00  7.07945784e+08  9.99993531e-01 
 7.49894209e+08 -5.10005256e-01  7.49894209e+08  9.99855344e-01  7.49894209e+08  9.60844689e-01  7.49894209e+08  9.60857332e-01  7.49894209e+08  4.50486498e+00  7.49894209e+08  9.99991603e-01 
 7.94328235e+08 -4.71782376e-01  7.94328235e+08  9.99843037e-01  7.94328235e+08  9.60068087e-01  7.94328235e+08  9.60083420e-01  7.94328235e+08  4.64700854e+00  7.94328235e+08  9.99989217e-01 
 8.41395142e+08 -4.32311985e-01  8.41395142e+08  9.99830187e-01  8.41395142e+08  9.59250216e-01  8.41395142e+08  9.59268786e-01  8.41395142e+08  4.78205119e+00  8.41395142e+08  9.99986278e-01 
 8.91250938e+08 -3.91626080e-01  8.91250938e+08  9.99816859e-01  8.91250938e+08  9.58393464e-01  8.91250938e+08  9.58415920e-01  8.91250938e+08  4.90845286e+00  8.91250938e+08  9.99982676e-01 
 9.44060876e+08 -3.49752269e-01  9.44060876e+08  9.99803137e-01  9.44060876e+08  9.57500970e-01  9.44060876e+08  9.57528080e-01  9.44060876e+08  5.02467145e+00  9.44060876e+08  9.99978283e-01 
 1.00000000e+09 -3.06712915e-01  1.00000000e+09  9.99789126e-01  1.00000000e+09  9.56576606e-01  1.00000000e+09  9.56609275e-01  1.00000000e+09  5.12920163e+00  1.00000000e+09  9.99972952e-01 
 1.05925373e+09 -2.62524709e-01  1.05925373e+09  9.99774948e-01  1.05925373e+09  9.55624932e-01  1.05925373e+09  9.55664217e-01  1.05925373e+09  5.22061697e+00  1.05925373e+09  9.99966515e-01 
 1.12201845e+09 -2.17198702e-01  1.12201845e+09  9.99760752e-01  1.12201845e+09  9.54651113e-01  1.12201845e+09  9.54698249e-01  1.12201845e+09  5.29761344e+00  1.12201845e+09  9.99958780e-01 
 1.18850223e+09 -1.70740719e-01  1.18850223e+09  9.99746706e-01  1.18850223e+09  9.53660808e-01  1.18850223e+09  9.53717229e-01  1.18850223e+09  5.35905211e+00  1.18850223e+09  9.99949532e-01 
 1.25892541e+09 -1.23152143e-01  1.25892541e+09  9.99733006e-01  1.25892541e+09  9.52660037e-01  1.25892541e+09  9.52727397e-01  1.25892541e+09  5.40399874e+00  1.25892541e+09  9.99938528e-01 
 1.33352143e+09 -7.44309599e-02  1.33352143e+09  9.99719871e-01  1.33352143e+09  9.51655018e-01  1.33352143e+09  9.51735217e-01  1.33352143e+09  5.43175774e+00  1.33352143e+09  9.99925500e-01 
 1.41253754e+09 -2.45730323e-02  1.41253754e+09  9.99707547e-01  1.41253754e+09  9.50652001e-01  1.41253754e+09  9.50747212e-01  1.41253754e+09  5.44189837e+00  1.41253754e+09  9.99910153e-01 
 1.49623566e+09  2.64264958e-02  1.49623566e+09  9.99696305e-01  1.49623566e+09  9.49657094e-01  1.49623566e+09  9.49769786e-01  1.49623566e+09  5.43427133e+00  1.49623566e+09  9.99892161e-01 
 1.58489319e+09  7.85716887e-02  1.58489319e+09  9.99686443e-01  1.58489319e+09  9.48676095e-01  1.58489319e+09  9.48809064e-01  1.58489319e+09  5.40901474e+00  1.58489319e+09  9.99871171e-01 
 1.67880402e+09  1.31864245e-01  1.67880402e+09  9.99678286e-01  1.67880402e+09  9.47714346e-01  1.67880402e+09  9.47870736e-01  1.67880402e+09  5.36654880e+00  1.67880402e+09  9.99846800e-01 
 1.77827941e+09  1.86301863e-01  1.77827941e+09  9.99672185e-01  1.77827941e+09  9.46776597e-01  1.77827941e+09  9.46959932e-01  1.77827941e+09  5.30755986e+00  1.77827941e+09  9.99818637e-01 
 1.88364909e+09  2.41876542e-01  1.88364909e+09  9.99668514e-01  1.88364909e+09  9.45866913e-01  1.88364909e+09  9.46081124e-01  1.88364909e+09  5.23297476e+00  1.88364909e+09  9.99786242e-01 
 1.99526231e+09  2.98572777e-01  1.99526231e+09  9.99667675e-01  1.99526231e+09  9.44988605e-01  1.99526231e+09  9.45238052e-01  1.99526231e+09  5.14392722e+00  1.99526231e+09  9.99749144e-01 
 2.11348904e+09  3.56365634e-01  2.11348904e+09  9.99670089e-01  2.11348904e+09  9.44144189e-01  2.11348904e+09  9.44433692e-01  2.11348904e+09  5.04171863e+00  2.11348904e+09  9.99706848e-01 
 2.23872114e+09  4.15218644e-01  2.23872114e+09  9.99676202e-01  2.23872114e+09  9.43335389e-01  2.23872114e+09  9.43670249e-01  2.23872114e+09  4.92777544e+00  2.23872114e+09  9.99658830e-01 
 2.37137371e+09  4.75081505e-01  2.37137371e+09  9.99686474e-01  2.37137371e+09  9.42563153e-01  2.37137371e+09  9.42949178e-01  2.37137371e+09  4.80360566e+00  2.37137371e+09  9.99604544e-01 
 2.51188643e+09  5.35887558e-01  2.51188643e+09  9.99701385e-01  2.51188643e+09  9.41827704e-01  2.51188643e+09  9.42271229e-01  2.51188643e+09  4.67075667e+00  2.51188643e+09  9.99543420e-01 
 2.66072506e+09  5.97551062e-01  2.66072506e+09  9.99721424e-01  2.66072506e+09  9.41128601e-01  2.66072506e+09  9.41636506e-01  2.66072506e+09  4.53077618e+00  2.66072506e+09  9.99474870e-01 
 2.81838293e+09  6.59964273e-01  2.81838293e+09  9.99747086e-01  2.81838293e+09  9.40464819e-01  2.81838293e+09  9.41044540e-01  2.81838293e+09  4.38517776e+00  2.81838293e+09  9.99398291e-01 
 2.98538262e+09  7.22994419e-01  2.98538262e+09  9.99778865e-01  2.98538262e+09  9.39834832e-01  2.98538262e+09  9.40494372e-01  2.98538262e+09  4.23541178e+00  2.98538262e+09  9.99313073e-01 
 3.16227766e+09  7.86480658e-01  3.16227766e+09  9.99817247e-01  3.16227766e+09  9.39236704e-01  3.16227766e+09  9.39984630e-01  3.16227766e+09  4.08284236e+00  3.16227766e+09  9.99218606e-01 
 3.34965439e+09  8.50231151e-01  3.34965439e+09  9.99862697e-01  3.34965439e+09  9.38668178e-01  3.34965439e+09  9.39513614e-01  3.34965439e+09  3.92873024e+00  3.34965439e+09  9.99114289e-01 
 3.54813389e+09  9.14020445e-01  3.54813389e+09  9.99915649e-01  3.54813389e+09  9.38126759e-01  3.54813389e+09  9.39079365e-01  3.54813389e+09  3.77422131e+00  3.54813389e+09  9.98999543e-01 
 3.75837404e+09  9.77587368e-01  3.75837404e+09  9.99976489e-01  3.75837404e+09  9.37609800e-01  3.75837404e+09  9.38679738e-01  3.75837404e+09  3.62034026e+00  3.75837404e+09  9.98873824e-01 
 3.98107171e+09  1.04063368e+00  3.98107171e+09  1.00004554e+00  3.98107171e+09  9.37114576e-01  3.98107171e+09  9.38312460e-01  3.98107171e+09  3.46798872e+00  3.98107171e+09  9.98736639e-01 
 4.21696503e+09  1.10282378e+00  4.21696503e+09  1.00012304e+00  4.21696503e+09  9.36638351e-01  4.21696503e+09  9.37975185e-01  4.21696503e+09  3.31794693e+00  4.21696503e+09  9.98587567e-01 
 4.46683592e+09  1.16378564e+00  4.46683592e+09  1.00020914e+00  4.46683592e+09  9.36178442e-01  4.46683592e+09  9.37665530e-01  4.46683592e+09  3.17087837e+00  4.46683592e+09  9.98426275e-01 
 4.73151259e+09  1.22311344e+00  4.73151259e+09  1.00030383e+00  4.73151259e+09  9.35732270e-01  4.73151259e+09  9.37381114e-01  4.73151259e+09  3.02733650e+00  4.73151259e+09  9.98252540e-01 
 5.01187234e+09  1.28037186e+00  5.01187234e+09  1.00040698e+00  5.01187234e+09  9.35297408e-01  5.01187234e+09  9.37119586e-01  5.01187234e+09  2.88777290e+00  5.01187234e+09  9.98066273e-01 
 5.30884444e+09  1.33510245e+00  5.30884444e+09  1.00051830e+00  5.30884444e+09  9.34871618e-01  5.30884444e+09  9.36878636e-01  5.30884444e+09  2.75254641e+00  5.30884444e+09  9.97867532e-01 
 5.62341325e+09  1.38683190e+00  5.62341325e+09  1.00063728e+00  5.62341325e+09  9.34452877e-01  5.62341325e+09  9.36656016e-01  5.62341325e+09  2.62193251e+00  5.62341325e+09  9.97656546e-01 
 5.95662144e+09  1.43508243e+00  5.95662144e+09  1.00076325e+00  5.95662144e+09  9.34039402e-01  5.95662144e+09  9.36449542e-01  5.95662144e+09  2.49613289e+00  5.95662144e+09  9.97433724e-01 
 6.30957344e+09  1.47938372e+00  6.30957344e+09  1.00089528e+00  6.30957344e+09  9.33629656e-01  6.30957344e+09  9.36257098e-01  6.30957344e+09  2.37528463e+00  6.30957344e+09  9.97199664e-01 
 6.68343918e+09  1.51928641e+00  6.68343918e+09  1.00103226e+00  6.68343918e+09  9.33222349e-01  6.68343918e+09  9.36076635e-01  6.68343918e+09  2.25946902e+00  6.68343918e+09  9.96955157e-01 
 7.07945784e+09  1.55437618e+00  7.07945784e+09  1.00117284e+00  7.07945784e+09  9.32816429e-01  7.07945784e+09  9.35906160e-01  7.07945784e+09  2.14871967e+00  7.07945784e+09  9.96701180e-01 
 7.49894209e+09  1.58428812e+00  7.49894209e+09  1.00131549e+00  7.49894209e+09  9.32411056e-01  7.49894209e+09  9.35743737e-01  7.49894209e+09  2.04303004e+00  7.49894209e+09  9.96438876e-01 
 7.94328235e+09  1.60872031e+00  7.94328235e+09  1.00145848e+00  7.94328235e+09  9.32005575e-01  7.94328235e+09  9.35587469e-01  7.94328235e+09  1.94236021e+00  7.94328235e+09  9.96169538e-01 
 8.41395142e+09  1.62744584e+00  8.41395142e+09  1.00159994e+00  8.41395142e+09  9.31599472e-01  8.41395142e+09  9.35435486e-01  8.41395142e+09  1.84664288e+00  8.41395142e+09  9.95894574e-01 
 8.91250938e+09  1.64032266e+00  8.91250938e+09  1.00173785e+00  8.91250938e+09  9.31192323e-01  8.91250938e+09  9.35285937e-01  8.91250938e+09  1.75578874e+00  8.91250938e+09  9.95615467e-01 
 9.44060876e+09  1.64730024e+00  9.44060876e+09  1.00187014e+00  9.44060876e+09  9.30783737e-01  9.44060876e+09  9.35136966e-01  9.44060876e+09  1.66969118e+00  9.44060876e+09  9.95333729e-01 
 1.00000000e+10  1.64842293e+00  1.00000000e+10  1.00199469e+00  1.00000000e+10  9.30373296e-01  1.00000000e+10  9.34986697e-01  1.00000000e+10  1.58823031e+00  1.00000000e+10  9.95050858e-01 
 1.05925373e+10  1.64382947e+00  1.05925373e+10  1.00210938e+00  1.05925373e+10  9.29960488e-01  1.05925373e+10  9.34833218e-01  1.05925373e+10  1.51127650e+00  1.05925373e+10  9.94768282e-01 
 1.12201845e+10  1.63374895e+00  1.12201845e+10  1.00221213e+00  1.12201845e+10  9.29544646e-01  1.12201845e+10  9.34674557e-01  1.12201845e+10  1.43869335e+00  1.12201845e+10  9.94487319e-01 
 1.18850223e+10  1.61849334e+00  1.18850223e+10  1.00230097e+00  1.18850223e+10  9.29124883e-01  1.18850223e+10  9.34508660e-01  1.18850223e+10  1.37034027e+00  1.18850223e+10  9.94209122e-01 
 1.25892541e+10  1.59844719e+00  1.25892541e+10  1.00237401e+00  1.25892541e+10  9.28700037e-01  1.25892541e+10  9.34333370e-01  1.25892541e+10  1.30607460e+00  1.25892541e+10  9.93934650e-01 
 1.33352143e+10  1.57405532e+00  1.33352143e+10  1.00242950e+00  1.33352143e+10  9.28268615e-01  1.33352143e+10  9.34146397e-01  1.33352143e+10  1.24575339e+00  1.33352143e+10  9.93664633e-01 
 1.41253754e+10  1.54580906e+00  1.41253754e+10  1.00246585e+00  1.41253754e+10  9.27828746e-01  1.41253754e+10  9.33945294e-01  1.41253754e+10  1.18923486e+00  1.41253754e+10  9.93399545e-01 
 1.49623566e+10  1.51423221e+00  1.49623566e+10  1.00248161e+00  1.49623566e+10  9.27378137e-01  1.49623566e+10  9.33727426e-01  1.49623566e+10  1.13637965e+00  1.49623566e+10  9.93139589e-01 
 1.58489319e+10  1.47986712e+00  1.58489319e+10  1.00247547e+00  1.58489319e+10  9.26914038e-01  1.58489319e+10  9.33489936e-01  1.58489319e+10  1.08705169e+00  1.58489319e+10  9.92884690e-01 
 1.67880402e+10  1.44326177e+00  1.67880402e+10  1.00244629e+00  1.67880402e+10  9.26433206e-01  1.67880402e+10  9.33229708e-01  1.67880402e+10  1.04111897e+00  1.67880402e+10  9.92634487e-01 
 1.77827941e+10  1.40495831e+00  1.77827941e+10  1.00239300e+00  1.77827941e+10  9.25931867e-01  1.77827941e+10  9.32943333e-01  1.77827941e+10  9.98454122e-01  1.77827941e+10  9.92388334e-01 
 1.88364909e+10  1.36548329e+00  1.88364909e+10  1.00231469e+00  1.88364909e+10  9.25405692e-01  1.88364909e+10  9.32627063e-01  1.88364909e+10  9.58934738e-01  1.88364909e+10  9.92145307e-01 
 1.99526231e+10  1.32533985e+00  1.99526231e+10  1.00221049e+00  1.99526231e+10  9.24849753e-01  1.99526231e+10  9.32276764e-01  1.99526231e+10  9.22443655e-01  1.99526231e+10  9.91904205e-01 
 2.11348904e+10  1.28500175e+00  2.11348904e+10  1.00207963e+00  2.11348904e+10  9.24258494e-01  2.11348904e+10  9.31887869e-01  2.11348904e+10  8.88869043e-01  2.11348904e+10  9.91663553e-01 
 2.23872114e+10  1.24490932e+00  2.23872114e+10  1.00192140e+00  2.23872114e+10  9.23625678e-01  2.23872114e+10  9.31455315e-01  2.23872114e+10  8.58104398e-01  2.23872114e+10  9.91421608e-01 
 2.37137371e+10  1.20546695e+00  2.37137371e+10  1.00173513e+00  2.37137371e+10  9.22944347e-01  2.37137371e+10  9.30973490e-01  2.37137371e+10  8.30048427e-01  2.37137371e+10  9.91176353e-01 
 2.51188643e+10  1.16704203e+00  2.51188643e+10  1.00152026e+00  2.51188643e+10  9.22206756e-01  2.51188643e+10  9.30436162e-01  2.51188643e+10  8.04604828e-01  2.51188643e+10  9.90925493e-01 
 2.66072506e+10  1.12996493e+00  2.66072506e+10  1.00127629e+00  2.66072506e+10  9.21404315e-01  2.66072506e+10  9.29836405e-01  2.66072506e+10  7.81681985e-01  2.66072506e+10  9.90666439e-01 
 2.81838293e+10  1.09452997e+00  2.81838293e+10  1.00100291e+00  2.81838293e+10  9.20527509e-01  2.81838293e+10  9.29166523e-01  2.81838293e+10  7.61192559e-01  2.81838293e+10  9.90396295e-01 
 2.98538262e+10  1.06099692e+00  2.98538262e+10  1.00070000e+00  2.98538262e+10  9.19565820e-01  2.98538262e+10  9.28417961e-01  2.98538262e+10  7.43052993e-01  2.98538262e+10  9.90111824e-01 
