 frequency         nf290            
 2.4000000000e+09  3.7188326403e+00 
 2.4041750000e+09  3.7126333125e+00 
 2.4083500000e+09  3.7064806170e+00 
 2.4125250000e+09  3.7003741869e+00 
 2.4167000000e+09  3.6943136585e+00 
 2.4208750000e+09  3.6882986709e+00 
 2.4250500000e+09  3.6823288660e+00 
 2.4292250000e+09  3.6764038885e+00 
 2.4334000000e+09  3.6705233859e+00 
 2.4375750000e+09  3.6646870086e+00 
 2.4417500000e+09  3.6588944096e+00 
 2.4459250000e+09  3.6531452447e+00 
 2.4501000000e+09  3.6474391725e+00 
 2.4542750000e+09  3.6417758542e+00 
 2.4584500000e+09  3.6361549537e+00 
 2.4626250000e+09  3.6305761377e+00 
 2.4668000000e+09  3.6250390754e+00 
 2.4709750000e+09  3.6195434387e+00 
 2.4751500000e+09  3.6140889021e+00 
 2.4793250000e+09  3.6086751426e+00 
 2.4835000000e+09  3.6033018400e+00 
