 frequency         nf290            
 2.4000000000e+09  3.0426159820e+00 
 2.4041750000e+09  3.0447149559e+00 
 2.4083500000e+09  3.0468290375e+00 
 2.4125250000e+09  3.0489582705e+00 
 2.4167000000e+09  3.0511026985e+00 
 2.4208750000e+09  3.0532623649e+00 
 2.4250500000e+09  3.0554373129e+00 
 2.4292250000e+09  3.0576275859e+00 
 2.4334000000e+09  3.0598332267e+00 
 2.4375750000e+09  3.0620542785e+00 
 2.4417500000e+09  3.0642907838e+00 
 2.4459250000e+09  3.0665427855e+00 
 2.4501000000e+09  3.0688103260e+00 
 2.4542750000e+09  3.0710934478e+00 
 2.4584500000e+09  3.0733921930e+00 
 2.4626250000e+09  3.0757066038e+00 
 2.4668000000e+09  3.0780367222e+00 
 2.4709750000e+09  3.0803825900e+00 
 2.4751500000e+09  3.0827442488e+00 
 2.4793250000e+09  3.0851217403e+00 
 2.4835000000e+09  3.0875151057e+00 
