 frequency         real(s_1_1)       imag(s_1_1)       real(s_2_1)       imag(s_2_1)       real(s_1_2)       imag(s_1_2)       real(s_2_2)       imag(s_2_2)       real(NF)          real(NFmin)      
 2.4000000000e+09 -8.1432883377e-02 -2.5440951150e-01 -1.9650016091e+00 -4.7279510555e+00  6.5360108964e-06 -2.1608708677e-05  9.9702631260e-01 -6.9917068928e-02  2.7088674127e+00  2.3819747017e+00 
 2.4083500000e+09 -8.6661809250e-02 -2.5080781281e-01 -2.5618724097e+00 -5.8906482281e+00  7.8887471203e-06 -2.7453149572e-05  9.9609086801e-01 -7.8316631535e-02  2.7133564285e+00  2.3819210459e+00 
 2.4167000000e+09 -9.1976923315e-02 -2.4774161570e-01 -3.6002453187e+00 -7.8043058181e+00  9.9173490886e-06 -3.7244543228e-05  9.9422450109e-01 -9.2189533977e-02  2.7179067201e+00  2.3818672333e+00 
 2.4250500000e+09 -9.7635237426e-02 -2.4611707470e-01 -5.8349841987e+00 -1.1535124926e+01  1.3131508735e-05 -5.6966337532e-05  9.8934264011e-01 -1.1959660803e-01  2.7225186041e+00  2.3818132644e+00 
 2.4334000000e+09 -1.0550921394e-01 -2.5021405631e-01 -1.3685264101e+01 -2.1819333531e+01  1.6050960272e-05 -1.1635849360e-04  9.6583428008e-01 -1.9875768265e-01  2.7271923939e+00  2.3817591394e+00 
 2.4417500000e+09 -2.1683926246e-01 -2.1602533305e-01 -1.3934257285e+02  6.5457964615e+01 -6.8412370901e-04 -1.8234565231e-04  1.9631912862e-02  3.6746039243e-02  2.7319284006e+00  2.3817048586e+00 
 2.4501000000e+09 -1.1306696357e-01 -2.0391875213e-01  6.1141284224e+00  2.4858487820e+01 -5.2795267486e-05  1.0633206534e-04  9.7814178317e-01  1.2391777418e-01  2.7367269321e+00  2.3816504223e+00 
 2.4584500000e+09 -1.1621236415e-01 -2.0788552712e-01  4.2369667823e+00  1.2311616431e+01 -2.2184750580e-05  5.6702288230e-05  9.9534244124e-01  4.4793814733e-02  2.7415882937e+00  2.3815958306e+00 
 2.4668000000e+09 -1.2079110325e-01 -2.0587873685e-01  3.1370831241e+00  8.1533682682e+00 -1.3716210638e-05  3.8843982281e-05  9.9818974119e-01  1.7408872320e-02  2.7465127875e+00  2.3815410841e+00 
 2.4751500000e+09 -1.2551132307e-01 -2.0225727013e-01  2.4980068642e+00  6.0894342954e+00 -9.8385485577e-06  2.9708707379e-05  9.9904293264e-01  3.5449151960e-03  2.7515007129e+00  2.3814861828e+00 
 2.4835000000e+09 -1.3022820687e-01 -1.9793661730e-01  2.0862440526e+00  4.8570194832e+00 -7.6277448627e-06  2.4168311068e-05  9.9936870902e-01 -4.8502813136e-03  2.7565523660e+00  2.3814311271e+00 
