 frequency         nf290            
 2.4000000000e+09  3.2924568238e+00 
 2.4041750000e+09  3.2944715812e+00 
 2.4083500000e+09  3.2965011282e+00 
 2.4125250000e+09  3.2985455105e+00 
 2.4167000000e+09  3.3006047741e+00 
 2.4208750000e+09  3.3026789647e+00 
 2.4250500000e+09  3.3047681278e+00 
 2.4292250000e+09  3.3068723091e+00 
 2.4334000000e+09  3.3089915541e+00 
 2.4375750000e+09  3.3111259080e+00 
 2.4417500000e+09  3.3132754163e+00 
 2.4459250000e+09  3.3154401242e+00 
 2.4501000000e+09  3.3176200767e+00 
 2.4542750000e+09  3.3198153189e+00 
 2.4584500000e+09  3.3220258956e+00 
 2.4626250000e+09  3.3242518519e+00 
 2.4668000000e+09  3.3264932322e+00 
 2.4709750000e+09  3.3287500814e+00 
 2.4751500000e+09  3.3310224439e+00 
 2.4793250000e+09  3.3333103641e+00 
 2.4835000000e+09  3.3356138864e+00 
