 frequency         real(s_1_1)       imag(s_1_1)       real(s_2_1)       imag(s_2_1)       real(s_1_2)       imag(s_1_2)       real(s_2_2)       imag(s_2_2)      
 1.0000000000e+07  8.1007195389e-01 -9.0011113267e-02  3.5876616623e-04 -8.7891132237e-04  4.5732775521e-11 -8.0881906284e-11  9.9999716346e-01 -2.2379636959e-03 
 1.0592537252e+07  8.0675745608e-01 -8.8511867697e-02  3.7057582406e-04 -9.4218584546e-04  4.8408917298e-11 -8.6647155538e-11  9.9999681734e-01 -2.3705729435e-03 
 1.1220184543e+07  8.0352864654e-01 -8.7041678608e-02  3.8305726596e-04 -1.0090825795e-03  5.1385436215e-11 -9.2745649337e-11  9.9999642899e-01 -2.5110400773e-03 
 1.1885022274e+07  8.0037673712e-01 -8.5600158479e-02  3.9632094560e-04 -1.0798371850e-03  5.4709230000e-11 -9.9209069169e-11  9.9999599325e-01 -2.6598307620e-03 
 1.2589254118e+07  7.9729414114e-01 -8.4185622831e-02  4.1048504564e-04 -1.1547044097e-03  5.8432262351e-11 -1.0607506552e-10  9.9999550435e-01 -2.8174382648e-03 
 1.3335214322e+07  7.9427458110e-01 -8.2795382593e-02  4.2567599022e-04 -1.2339588294e-03  6.2611658381e-11 -1.1338835759e-10  9.9999495578e-01 -2.9843850935e-03 
 1.4125375446e+07  7.9131314720e-01 -8.1426029001e-02  4.4202908247e-04 -1.3178956150e-03  6.7309638802e-11 -1.2120196150e-10  9.9999434027e-01 -3.1612247311e-03 
 1.4962356561e+07  7.8840631295e-01 -8.0073705719e-02  4.5968927604e-04 -1.4068313195e-03  7.2593243949e-11 -1.2957852037e-10  9.9999364965e-01 -3.3485434740e-03 
 1.5848931925e+07  7.8555191391e-01 -7.8734364938e-02  4.7881209788e-04 -1.5011046722e-03  7.8533800434e-11 -1.3859169213e-10  9.9999287477e-01 -3.5469623800e-03 
 1.6788040181e+07  7.8274909456e-01 -7.7404005659e-02  4.9956475002e-04 -1.6010773660e-03  8.5206090844e-11 -1.4832753075e-10  9.9999200532e-01 -3.7571393313e-03 
 1.7782794100e+07  7.7999822700e-01 -7.6078893166e-02  5.2212742997e-04 -1.7071348257e-03  9.2687202095e-11 -1.5888577725e-10  9.9999102977e-01 -3.9797712219e-03 
 1.8836490895e+07  7.7730080397e-01 -7.4755758690e-02  5.4669492251e-04 -1.8196869498e-03  1.0105505172e-10 -1.7038095918e-10  9.9998993518e-01 -4.2155962742e-03 
 1.9952623150e+07  7.7465930818e-01 -7.3431977749e-02  5.7347852790e-04 -1.9391688254e-03  1.1038662357e-10 -1.8294318656e-10  9.9998870701e-01 -4.4653964948e-03 
 2.1134890398e+07  7.7207705930e-01 -7.2105724721e-02  6.0270840271e-04 -2.0660414304e-03  1.2075598376e-10 -1.9671853108e-10  9.9998732896e-01 -4.7300002766e-03 
 2.2387211386e+07  7.6955804085e-01 -7.0776100298e-02  6.3463639724e-04 -2.2007923530e-03  1.3223219089e-10 -2.1186888780e-10  9.9998578274e-01 -5.0102851566e-03 
 2.3713737057e+07  7.6710671021e-01 -6.9443227899e-02  6.6953947763e-04 -2.3439365753e-03  1.4487725697e-10 -2.2857124713e-10  9.9998404782e-01 -5.3071807391e-03 
 2.5118864315e+07  7.6472779661e-01 -6.8108315155e-02  7.0772381927e-04 -2.4960173901e-03  1.5874435029e-10 -2.4701635040e-10  9.9998210117e-01 -5.6216717943e-03 
 2.6607250598e+07  7.6242609351e-01 -6.6773677427e-02  7.4952965215e-04 -2.6576075354e-03  1.7387645229e-10 -2.6740676174e-10  9.9997991695e-01 -5.9548015421e-03 
 2.8183829313e+07  7.6020625327e-01 -6.5442721871e-02  7.9533692768e-04 -2.8293106488e-03  1.9030568091e-10 -2.8995445831e-10  9.9997746615e-01 -6.3076751347e-03 
 2.9853826189e+07  7.5807259256e-01 -6.4119892742e-02  8.4557186243e-04 -3.0117631537e-03  2.0805346897e-10 -3.1487811101e-10  9.9997471623e-01 -6.6814633485e-03 
 3.1622776602e+07  7.5602891705e-01 -6.2810581077e-02  9.0071439919e-04 -3.2056366926e-03  2.2713173803e-10 -3.4240028956e-10  9.9997163067e-01 -7.0774064984e-03 
 3.3496543916e+07  7.5407837291e-01 -6.1521004208e-02  9.6130661214e-04 -3.4116412240e-03  2.4754513897e-10 -3.7274486948e-10  9.9996816850e-01 -7.4968185899e-03 
 3.5481338923e+07  7.5222333078e-01 -6.0258062512e-02  1.0279620739e-03 -3.6305288867e-03  2.6929434945e-10 -4.0613493641e-10  9.9996428372e-01 -7.9410917227e-03 
 3.7583740429e+07  7.5046530574e-01 -5.9029182028e-02  1.1013762005e-03 -3.8630987296e-03  2.9238033533e-10 -4.4279147113e-10  9.9995992474e-01 -8.4117007624e-03 
 3.9810717055e+07  7.4880491437e-01 -5.7842151979e-02  1.1823375964e-03 -4.1102023869e-03  3.1680941089e-10 -4.8293305882e-10  9.9995503364e-01 -8.9102082969e-03 
 4.2169650343e+07  7.4724186725e-01 -5.6704965879e-02  1.2717404390e-03 -4.3727507724e-03  3.4259888163e-10 -5.2677680341e-10  9.9994954543e-01 -9.4382698975e-03 
 4.4668359215e+07  7.4577499354e-01 -5.5625673813e-02  1.3705979656e-03 -4.6517218588e-03  3.6978303067e-10 -5.7454055307e-10  9.9994338717e-01 -9.9976397021e-03 
 4.7315125896e+07  7.4440229255e-01 -5.4612251929e-02  1.4800571607e-03 -4.9481696132e-03  3.9841921798e-10 -6.2644646799e-10  9.9993647701e-01 -1.0590176345e-02 
 5.0118723363e+07  7.4312100604e-01 -5.3672493382e-02  1.6014147755e-03 -5.2632341726e-03  4.2859389897e-10 -6.8272589706e-10  9.9992872307e-01 -1.1217849251e-02 
 5.3088444423e+07  7.4192770524e-01 -5.2813923094e-02  1.7361348548e-03 -5.5981533714e-03  4.6042842783e-10 -7.4362548689e-10  9.9992002223e-01 -1.1882745332e-02 
 5.6234132519e+07  7.4081838595e-01 -5.2043737051e-02  1.8858679843e-03 -5.9542757682e-03  4.9408458435e-10 -8.0941442820e-10  9.9991025877e-01 -1.2587076087e-02 
 5.9566214353e+07  7.3978856641e-01 -5.1368765365e-02  2.0524725081e-03 -6.3330753719e-03  5.2976984011e-10 -8.8039275470e-10  9.9989930278e-01 -1.3333185171e-02 
 6.3095734448e+07  7.3883338287e-01 -5.0795457302e-02  2.2380380015e-03 -6.7361683258e-03  5.6774245357e-10 -9.5690064442e-10  9.9988700841e-01 -1.4123556429e-02 
 6.6834391757e+07  7.3794767919e-01 -5.0329885685e-02  2.4449113127e-03 -7.1653318822e-03  6.0831654869e-10 -1.0393287304e-09  9.9987321198e-01 -1.4960822457e-02 
 7.0794578438e+07  7.3712608741e-01 -4.9977767697e-02  2.6757255134e-03 -7.6225260785e-03  6.5186738368e-10 -1.1281295000e-09  9.9985772969e-01 -1.5847773711e-02 
 7.4989420933e+07  7.3636309747e-01 -4.9744498950e-02  2.9334321187e-03 -8.1099186200e-03  6.9883705780e-10 -1.2238299472e-09  9.9984035523e-01 -1.6787368219e-02 
 7.9432823472e+07  7.3565311483e-01 -4.9635197763e-02  3.2213369552e-03 -8.6299135799e-03  7.4974093495e-10 -1.3270457319e-09  9.9982085690e-01 -1.7782741923e-02 
 8.4139514165e+07  7.3499050559e-01 -4.9654756828e-02  3.5431400742e-03 -9.1851846406e-03  8.0517508813e-10 -1.4384971997e-09  9.9979897457e-01 -1.8837219733e-02 
 8.9125093813e+07  7.3436962919e-01 -4.9807899741e-02  3.9029801164e-03 -9.7787137411e-03  8.6582509305e-10 -1.5590277167e-09  9.9977441607e-01 -1.9954327313e-02 
 9.4406087629e+07  7.3378485890e-01 -5.0099240288e-02  4.3054835460e-03 -1.0413836146e-02  9.3247652726e-10 -1.6896248855e-09  9.9974685327e-01 -2.1137803689e-02 
 1.0000000000e+08  7.3323059106e-01 -5.0533342716e-02  4.7558191776e-03 -1.1094293139e-02  1.0060275678e-09 -1.8314453295e-09  9.9971591761e-01 -2.2391614739e-02 
 1.0592537252e+08  7.3270124359e-01 -5.1114781632e-02  5.2597584164e-03 -1.1824293748e-02  1.0875041311e-09 -1.9858438730e-09  9.9968119500e-01 -2.3719967638e-02 
 1.1220184543e+08  7.3219124488e-01 -5.1848200483e-02  5.8237416227e-03 -1.2608587167e-02  1.1780780667e-09 -2.1544081044e-09  9.9964222019e-01 -2.5127326360e-02 
 1.1885022274e+08  7.3169501361e-01 -5.2738367905e-02  6.4549509861e-03 -1.3452547829e-02  1.2790890091e-09 -2.3389995075e-09  9.9959847032e-01 -2.6618428323e-02 
 1.2589254118e+08  7.3120693049e-01 -5.3790231455e-02  7.1613902520e-03 -1.4362275431e-02  1.3920706122e-09 -2.5418025781e-09  9.9954935770e-01 -2.8198302294e-02 
 1.3335214322e+08  7.3072130246e-01 -5.5008968519e-02  7.9519715718e-03 -1.5344712621e-02  1.5187820442e-09 -2.7653836360e-09  9.9949422161e-01 -2.9872287686e-02 
 1.4125375446e+08  7.3023231979e-01 -5.6400034365e-02  8.8366096450e-03 -1.6407783529e-02  1.6612458212e-09 -3.0127613991e-09  9.9943231904e-01 -3.1646055391e-02 
 1.4962356561e+08  7.2973400648e-01 -5.7969207531e-02  9.8263231660e-03 -1.7560556911e-02  1.8217933050e-09 -3.2874918290e-09  9.9936281422e-01 -3.3525630310e-02 
 1.5848931925e+08  7.2922016392e-01 -5.9722632863e-02  1.0933343379e-02 -1.8813438299e-02  2.0031195028e-09 -3.5937703152e-09  9.9928476674e-01 -3.5517415788e-02 
 1.6788040181e+08  7.2868430726e-01 -6.1666862569e-02  1.2171229247e-02 -2.0178396365e-02  2.2083492024e-09 -3.9365549511e-09  9.9919711811e-01 -3.7628220163e-02 
 1.7782794100e+08  7.2811959385e-01 -6.3808895465e-02  1.3554988349e-02 -2.1669229560e-02  2.4411169632e-09 -4.3217155221e-09  9.9909867644e-01 -3.9865285693e-02 
 1.8836490895e+08  7.2751874234e-01 -6.6156214055e-02  1.5101202105e-02 -2.3301880194e-02  2.7056641004e-09 -4.7562139132e-09  9.9898809904e-01 -4.2236320174e-02 
 1.9952623150e+08  7.2687394173e-01 -6.8716818511e-02  1.6828153245e-02 -2.5094804272e-02  3.0069565701e-09 -5.2483230139e-09  9.9886387261e-01 -4.4749531579e-02 
 2.1134890398e+08  7.2617674984e-01 -7.1499256352e-02  1.8755952577e-02 -2.7069406902e-02  3.3508286280e-09 -5.8078929378e-09  9.9872429064e-01 -4.7413666165e-02 
 2.2387211386e+08  7.2541798190e-01 -7.4512647304e-02  2.0906660965e-02 -2.9250554697e-02  3.7441583410e-09 -6.4466755884e-09  9.9856742748e-01 -5.0238050509e-02 
 2.3713737057e+08  7.2458758930e-01 -7.7766704021e-02  2.3304400977e-02 -3.1667178557e-02  4.1950825403e-09 -7.1787214321e-09  9.9839110876e-01 -5.3232638082e-02 
 2.5118864315e+08  7.2367452745e-01 -8.1271750162e-02  2.5975450754e-02 -3.4352982446e-02  4.7132606939e-09 -8.0208659724e-09  9.9819287732e-01 -5.6408061027e-02 
 2.6607250598e+08  7.2266661016e-01 -8.5038736925e-02  2.8948310281e-02 -3.7347276305e-02  5.3101995371e-09 -8.9933280922e-09  9.9796995395e-01 -5.9775688002e-02 
 2.8183829313e+08  7.2155034671e-01 -8.9079257865e-02  3.2253727233e-02 -4.0695954228e-02  5.9996532723e-09 -1.0120448501e-08  9.9771919209e-01 -6.3347689051e-02 
 2.9853826189e+08  7.2031075823e-01 -9.3405560725e-02  3.5924665803e-02 -4.4452642371e-02  6.7981178643e-09 -1.1431604416e-08  9.9743702532e-01 -6.7137108723e-02 
 3.1622776602e+08  7.1893116993e-01 -9.8030554506e-02  3.9996197180e-02 -4.8680045083e-02  7.7254426171e-09 -1.2962346979e-08  9.9711940626e-01 -7.1157948893e-02 
 3.3496543916e+08  7.1739297598e-01 -1.0296780993e-01  4.4505284414e-02 -5.3451522285e-02  8.8055880331e-09 -1.4755821526e-08  9.9676173522e-01 -7.5425263052e-02 
 3.5481338923e+08  7.1567537318e-01 -1.0823155147e-01  4.9490426946e-02 -5.8852936524e-02  1.0067566216e-08 -1.6864548928e-08  9.9635877656e-01 -7.9955264241e-02 
 3.7583740429e+08  7.1375505884e-01 -1.1383663898e-01  5.4991120737e-02 -6.4984814426e-02  1.1546609106e-08 -1.9352670284e-08  9.9590456012e-01 -8.4765449296e-02 
 3.9810717055e+08  7.1160588724e-01 -1.1979853638e-01  6.1047078165e-02 -7.1964874774e-02  1.3285621033e-08 -2.2298789509e-08  9.9539226445e-01 -8.9874742720e-02 
 4.2169650343e+08  7.0919847763e-01 -1.2613326427e-01  6.7697137057e-02 -7.9930984492e-02  1.5336985866e-08 -2.5799591916e-08  9.9481407786e-01 -9.5303664289e-02 
 4.4668359215e+08  7.0649976551e-01 -1.3285733218e-01  7.4977769396e-02 -8.9044614903e-02  1.7764815896e-08 -2.9974475950e-08  9.9416103173e-01 -1.0107452554e-01 
 4.7315125896e+08  7.0347248693e-01 -1.3998764501e-01  8.2921076166e-02 -9.9494884526e-02  2.0647750015e-08 -3.4971515972e-08  9.9342279966e-01 -1.0721166168e-01 
 5.0118723363e+08  7.0007458345e-01 -1.4754137625e-01  9.1552123662e-02 -1.1150329231e-01  2.4082432932e-08 -4.0975185122e-08  9.9258745328e-01 -1.1374170704e-01 
 5.3088444423e+08  6.9625851264e-01 -1.5553579825e-01  1.0088543567e-01 -1.2532926823e-01  2.8187835256e-08 -4.8216421301e-08  9.9164116338e-01 -1.2069392479e-01 
 5.6234132519e+08  6.9197044598e-01 -1.6398805634e-01  1.1092040145e-01 -1.4127669856e-01  3.3110605315e-08 -5.6985834505e-08  9.9056783082e-01 -1.2810060429e-01 
 5.9566214353e+08  6.8714933144e-01 -1.7291486926e-01  1.2163528538e-01 -1.5970162395e-01  3.9031675407e-08 -6.7651156850e-08  9.8934862662e-01 -1.3599754366e-01 
 6.3095734448e+08  6.8172579368e-01 -1.8233213183e-01  1.3297942166e-01 -1.8102136374e-01  4.6174372642e-08 -8.0680467226e-08  9.8796141322e-01 -1.4442464062e-01 
 6.6834391757e+08  6.7562083847e-01 -1.9225438697e-01  1.4486303269e-01 -2.0572539582e-01  5.4814297107e-08 -9.6673339898e-08  9.8638000848e-01 -1.5342662178e-01 
 7.0794578438e+08  6.6874432117e-01 -2.0269412194e-01  1.5714390132e-01 -2.3438842484e-01  6.5291207491e-08 -1.1640296022e-07  9.8457323880e-01 -1.6305395048e-01 
 7.4989420933e+08  6.6099313130e-01 -2.1366082647e-01  1.6960982131e-01 -2.6768621371e-01  7.8023057802e-08 -1.4087355821e-07  9.8250370579e-01 -1.7336396716e-01 
 7.9432823472e+08  6.5224903660e-01 -2.2515972640e-01  1.8195529374e-01 -3.0641494660e-01  9.3522086214e-08 -1.7139944454e-07  9.8012615842e-01 -1.8442233509e-01 
 8.4139514165e+08  6.4237612154e-01 -2.3719007280e-01  1.9375024391e-01 -3.5151515243e-01  1.1241233306e-07 -2.0971482827e-07  9.7738531277e-01 -1.9630489070e-01 
 8.9125093813e+08  6.3121774876e-01 -2.4974281969e-01  2.0439746324e-01 -4.0410156331e-01  1.3544690656e-07 -2.5812798194e-07  9.7421288597e-01 -2.0910003528e-01 
 9.4406087629e+08  6.1859296925e-01 -2.6279745825e-01  2.1307380284e-01 -4.6550072863e-01  1.6352124366e-07 -3.1974005808e-07  9.7052349153e-01 -2.2291185753e-01 
 1.0000000000e+09  6.0429231496e-01 -2.7631768422e-01  2.1864746736e-01 -5.3729875288e-01  1.9767461414e-07 -3.9875936089e-07  9.6620885215e-01 -2.3786425082e-01 
 1.0592537252e+09  5.8807293343e-01 -2.9024545013e-01  2.1955940264e-01 -6.2140213378e-01  2.3906440985e-07 -5.0095848660e-07  9.6112947195e-01 -2.5410639435e-01 
 1.1220184543e+09  5.6965308515e-01 -3.0449278152e-01  2.1364953730e-01 -7.2011518871e-01  2.8888281225e-07 -6.3434844511e-07  9.5510238087e-01 -2.7182011162e-01 
 1.1885022274e+09  5.4870614613e-01 -3.1893050404e-01  1.9789633339e-01 -8.3623751831e-01  3.4815604501e-07 -8.1018749638e-07  9.4788264574e-01 -2.9122980990e-01 
 1.2589254118e+09  5.2485448688e-01 -3.3337272035e-01  1.6801659424e-01 -9.7318314703e-01  4.1730750046e-07 -1.0445148619e-06  9.3913469918e-01 -3.1261592215e-01 
 1.3335214322e+09  4.9766400840e-01 -3.4755548463e-01  1.1783372998e-01 -1.1351161968e+00  4.9524481107e-07 -1.3605214471e-06  9.2838649451e-01 -3.3633292492e-01 
 1.4125375446e+09  4.6664082669e-01 -3.6110765799e-01  3.8250508274e-02 -1.3270776605e+00  5.7747336742e-07 -1.7922769582e-06  9.1495364478e-01 -3.6283273593e-01 
 1.4962356561e+09  4.3123279896e-01 -3.7351145408e-01 -8.4476929708e-02 -1.5550206192e+00  6.5216967513e-07 -2.3906830622e-06  8.9780900077e-01 -3.9269242370e-01 
 1.5848931925e+09  3.9084055595e-01 -3.8404988101e-01 -2.7174500023e-01 -1.8255097942e+00  6.9183106376e-07 -3.2330886209e-06  8.7534872432e-01 -4.2663779679e-01 
 1.6788040181e+09  3.4484581373e-01 -3.9173858132e-01 -5.5803906611e-01 -2.1443709259e+00  6.3490604814e-07 -4.4387677890e-06  8.4495307301e-01 -4.6552845876e-01 
 1.7782794100e+09  2.9266935596e-01 -3.9524136510e-01 -1.0011098574e+00 -2.5121309945e+00  3.4352073225e-07 -6.1926539578e-06  8.0212304753e-01 -5.1017883218e-01 
 1.8836490895e+09  2.3387724246e-01 -3.9277370679e-01 -1.7012800165e+00 -2.9093608377e+00 -4.9903905771e-07 -8.7741455763e-06  7.3872375292e-01 -5.6055849285e-01 
 1.9952623150e+09  1.6836033444e-01 -3.8200926547e-01 -2.8353318073e+00 -3.2486426142e+00 -2.6482678425e-06 -1.2546495420e-05  6.3947862263e-01 -6.1265079542e-01 
 2.1134890398e+09  9.6615325467e-02 -3.6002338789e-01 -4.6851168291e+00 -3.2142682666e+00 -7.9394612805e-06 -1.7619767686e-05  4.7681472200e-01 -6.4641736489e-01 
 2.2387211386e+09  2.0152896691e-02 -3.2333104331e-01 -7.3936377815e+00 -1.8029918208e+00 -2.0230987310e-05 -2.1731009138e-05  2.2158507516e-01 -5.8527747163e-01 
 2.3713737057e+09 -5.7911061981e-02 -2.6812741307e-01 -9.1821344690e+00  2.7473961803e+00 -4.0735133179e-05 -1.3775055935e-05 -1.8180620800e-02 -2.5760601043e-01 
 2.5118864315e+09 -1.3215926478e-01 -1.9119226733e-01 -5.8048949520e+00  7.7602990034e+00 -4.8204011525e-05  1.3752141201e-05  1.4178523941e-01  2.0499575178e-01 
 2.6607250598e+09 -1.9520942102e-01 -9.1356487782e-02 -8.0620359746e-01  7.8648719316e+00 -3.3416814200e-05  3.3411982640e-05  5.2411538228e-01  3.1454937852e-01 
 2.8183829313e+09 -2.3839111813e-01  2.9698346624e-02  1.7351786850e+00  5.8119574194e+00 -1.7295323663e-05  3.8255644211e-05  7.5902959568e-01  2.1017937164e-01 
 2.9853826189e+09 -2.5299067721e-01  1.6602286920e-01  2.6110587315e+00  3.8924643872e+00 -5.7720145129e-06  3.7200939176e-05  8.6719204286e-01  8.4250079319e-02 
 3.1622776602e+09 -2.3311598848e-01  3.0722697102e-01  2.7436826431e+00  2.4510591570e+00  2.3422176415e-06  3.4271895088e-05  9.1448071073e-01 -2.1790745427e-02 
 3.3496543916e+09 -1.7824663455e-01  4.4055125411e-01  2.5492274900e+00  1.4207583982e+00  8.2107709148e-06  3.0650456141e-05  9.3335206540e-01 -1.0801392856e-01 
 3.5481338923e+09 -9.3895335665e-02  5.5433234823e-01  2.2166508943e+00  7.0876498695e-01  1.2437387384e-05  2.6760434420e-05  9.3786485853e-01 -1.7981242201e-01 
 3.7583740429e+09  1.0146394554e-02  6.4109782062e-01  1.8443129948e+00  2.3869120365e-01  1.5361311405e-05  2.2856602405e-05  9.3431696106e-01 -2.4166582532e-01 
 3.9810717055e+09  1.2292694910e-01  6.9872564769e-01  1.4864917168e+00 -5.2764008623e-02  1.7239844494e-05  1.9132780893e-05  9.2568864603e-01 -2.9667567437e-01 
 4.2169650343e+09  2.3507680122e-01  7.2953070065e-01  1.1705361319e+00 -2.1815124779e-01  1.8307224729e-05  1.5721142070e-05  9.1345208466e-01 -3.4691935666e-01 
 4.4668359215e+09  3.4015020700e-01  7.3833434695e-01  9.0632418843e-01 -2.9917389385e-01  1.8775894847e-05  1.2688576994e-05  8.9834742789e-01 -3.9378851059e-01 
 4.7315125896e+09  4.3464571041e-01  7.3065357083e-01  6.9332460612e-01 -3.2688509691e-01  1.8824967508e-05  1.0047913867e-05  8.8073799144e-01 -4.3822001268e-01 
 5.0118723363e+09  5.1732582029e-01  7.1154836657e-01  5.2581201090e-01 -3.2301005304e-01  1.8594203236e-05  7.7765095469e-06  8.6078354985e-01 -4.8084320509e-01 
 5.3088444423e+09  5.8839598219e-01  6.8512248605e-01  3.9624197672e-01 -3.0193756004e-01  1.8185782617e-05  5.8335984183e-06  8.3853026690e-01 -5.2207287785e-01 
 5.6234132519e+09  6.4883083924e-01  6.5445102222e-01  2.9711560454e-01 -2.7274691800e-01  1.7670593971e-05  4.1726382901e-06  8.1396038363e-01 -5.6216860457e-01 
 5.9566214353e+09  6.9991955245e-01  6.2171293353e-01  2.2182448219e-01 -2.4090400304e-01  1.7095700279e-05  2.7485620525e-06  7.8702162463e-01 -6.0127333134e-01 
 6.3095734448e+09  7.4299892702e-01  5.8838570518e-01  1.6490858702e-01 -2.0952613272e-01  1.6491089829e-05  1.5212775639e-06  7.5764603142e-01 -6.3943912945e-01 
 6.6834391757e+09  7.7931667346e-01  5.5543161200e-01  1.2202350566e-01 -1.8025907955e-01  1.5875031522e-05  4.5685713924e-07  7.2576313958e-01 -6.7664500443e-01 
 7.0794578438e+09  8.0997404729e-01  5.2344992767e-01  8.9790121679e-02 -1.5385648358e-01  1.5258019935e-05 -4.7251050451e-07  6.9131005712e-01 -7.1280985255e-01 
 7.4989420933e+09  8.3591229981e-01  4.9279161340e-01  6.5615884293e-02 -1.3054994693e-01  1.4645554038e-05 -1.2891344778e-06  6.5423977550e-01 -7.4780256780e-01 
 7.9432823472e+09  8.5792086924e-01  4.6364172037e-01  4.7527646588e-02 -1.1027944803e-01  1.4040040473e-05 -2.0106285680e-06  6.1452837201e-01 -7.8145062846e-01 
 8.4139514165e+09  8.7665471711e-01  4.3607684065e-01  3.4030334336e-02 -9.2833634854e-02  1.3442074056e-05 -2.6507242553e-06  5.7218136994e-01 -8.1354805369e-01 
 8.9125093813e+09  8.9265413421e-01  4.1010435582e-01  2.3993561808e-02 -7.7933287201e-02  1.2851288526e-05 -3.2200094177e-06  5.2723928291e-01 -8.4386331633e-01 
 9.4406087629e+09  9.0636377565e-01  3.8568885116e-01  1.6563327930e-02 -6.5279544536e-02  1.2266915231e-05 -3.7265673372e-06  4.7978221940e-01 -8.7214756749e-01 
 1.0000000000e+10  9.1814956445e-01  3.6276967018e-01  1.1094419472e-02 -5.4580604096e-02  1.1688144091e-05 -4.1765165291e-06  4.2993333521e-01 -8.9814333784e-01 
 1.0592537252e+10  9.2831307510e-01  3.4127243711e-01  7.0991711527e-03 -4.5565459806e-02  1.1114349802e-05 -4.5744622056e-06  3.7786088288e-01 -9.2159371384e-01 
 1.1220184543e+10  9.3710347321e-01  3.2111651178e-01  4.2088255720e-03 -3.7989984624e-02  1.0545224698e-05 -4.9238726444e-06  3.2377861383e-01 -9.4225183861e-01 
 1.1885022274e+10  9.4472728176e-01  3.0221972223e-01  2.1444588781e-03 -3.1638607404e-02  9.9808453802e-06 -5.2273926460e-06  2.6794433829e-01 -9.5989045875e-01 
 1.2589254118e+10  9.5135630182e-01  2.8450128728e-01  6.9510976519e-04 -2.6323558554e-02  9.4216910989e-06 -5.4871038795e-06  2.1065653618e-01 -9.7431113897e-01 
 1.3335214322e+10  9.5713400732e-01  2.6788354498e-01 -2.9868934221e-04 -2.1882869155e-02  8.8686262714e-06 -5.7047393824e-06  1.5224903142e-01 -9.8535270259e-01 
 1.4125375446e+10  9.6218069802e-01  2.5229290014e-01 -9.5733557777e-04 -1.8177822367e-02  8.3228562691e-06 -5.8818573502e-06  9.3083880138e-02 -9.9289843910e-01 
 1.4962356561e+10  9.6659765175e-01  2.3766026777e-01 -1.3715483703e-03 -1.5090258797e-02  7.7858638591e-06 -6.0199778384e-06  3.3542765239e-02 -9.9688165216e-01 
 1.5848931925e+10  9.7047047447e-01  2.2392119702e-01 -1.6094884561e-03 -1.2519957141e-02  7.2593327873e-06 -6.1206851642e-06 -2.5982683020e-02 -9.9728920400e-01 
 1.6788040181e+10  9.7387180892e-01  2.1101579823e-01 -1.7221669128e-03 -1.0382203206e-02  6.7450644961e-06 -6.1856985433e-06 -8.5101124861e-02 -9.9416283589e-01 
 1.7782794100e+10  9.7686353098e-01  1.9888855383e-01 -1.7475643600e-03 -8.6055966173e-03  6.2448935576e-06 -6.2169137103e-06 -1.4343174057e-01 -9.8759819693e-01 
 1.8836490895e+10  9.7949853648e-01  1.8748806602e-01 -1.7137739717e-03 -7.1301079261e-03  5.7606068791e-06 -6.2164187559e-06 -2.0061388680e-01 -9.7774167602e-01 
 1.9952623150e+10  9.8182220017e-01  1.7676677544e-01 -1.6414030556e-03 -5.9053787975e-03  5.2938709994e-06 -6.1864879933e-06 -2.5631566839e-01 -9.6478528522e-01 
 2.1134890398e+10  9.8387357163e-01  1.6668067224e-01 -1.5454094969e-03 -4.8892478344e-03  4.8461708430e-06 -6.1295581689e-06 -3.1024101377e-01 -9.4895996894e-01 
 2.2387211386e+10  9.8568635951e-01  1.5718901296e-01 -1.4365060071e-03 -4.0464802638e-03  4.4187621920e-06 -6.0481916386e-06 -3.6213497237e-01 -9.3052779936e-01 
 2.3713737057e+10  9.8728974490e-01  1.4825405087e-01 -1.3222328889e-03 -3.3476787006e-03  4.0126389647e-06 -5.9450311555e-06 -4.1178709815e-01 -9.0977355736e-01 
 2.5118864315e+10  9.8870905641e-01  1.3984078393e-01 -1.2077759933e-03 -2.7683529481e-03  3.6285152790e-06 -5.8227506599e-06 -4.5903292612e-01 -8.8699619001e-01 
 2.6607250598e+10  9.8996633263e-01  1.3191672214e-01 -1.0965885420e-03 -2.2881284003e-03  3.2668213077e-06 -5.6840059416e-06 -5.0375367455e-01 -8.6250058732e-01 
 2.8183829313e+10  9.9108079289e-01  1.2445167467e-01 -9.9086193381e-04 -1.8900745566e-03  2.9277111946e-06 -5.5313883425e-06 -5.4587440287e-01 -8.3659004180e-01 
 2.9853826189e+10  9.9206923277e-01  1.1741755616e-01 -8.9188036447e-04 -1.5601371594e-03  2.6110808108e-06 -5.3673838606e-06 -5.8536091955e-01 -8.0955965887e-01 
