 1.00000000e+07  4.27518547e+00  1.00000000e+07  1.00000000e+00  1.00000000e+07  8.27029951e-01  1.00000000e+07  8.27029951e-01  1.00000000e+07  2.14465453e-02  1.00000000e+07  1.00000000e+00 
 1.05925373e+07  3.86792241e+00  1.05925373e+07  1.00000000e+00  1.05925373e+07  8.23259117e-01  1.05925373e+07  8.23259117e-01  1.05925373e+07  2.40816708e-02  1.05925373e+07  1.00000000e+00 
 1.12201845e+07  3.47400715e+00  1.12201845e+07  1.00000000e+00  1.12201845e+07  8.19495880e-01  1.12201845e+07  8.19495880e-01  1.12201845e+07  2.70164196e-02  1.12201845e+07  1.00000000e+00 
 1.18850223e+07  3.09303003e+00  1.18850223e+07  1.00000000e+00  1.18850223e+07  8.15739856e-01  1.18850223e+07  8.15739856e-01  1.18850223e+07  3.02811693e-02  1.18850223e+07  1.00000000e+00 
 1.25892541e+07  2.72478324e+00  1.25892541e+07  1.00000000e+00  1.25892541e+07  8.11992822e-01  1.25892541e+07  8.11992822e-01  1.25892541e+07  3.39085759e-02  1.25892541e+07  1.00000000e+00 
 1.33352143e+07  2.36922400e+00  1.33352143e+07  1.00000000e+00  1.33352143e+07  8.08258664e-01  1.33352143e+07  8.08258664e-01  1.33352143e+07  3.79335677e-02  1.33352143e+07  1.00000000e+00 
 1.41253754e+07  2.02651320e+00  1.41253754e+07  1.00000000e+00  1.41253754e+07  8.04543246e-01  1.41253754e+07  8.04543247e-01  1.41253754e+07  4.23932994e-02  1.41253754e+07  1.00000000e+00 
 1.49623566e+07  1.69699781e+00  1.49623566e+07  1.00000000e+00  1.49623566e+07  8.00854214e-01  1.49623566e+07  8.00854215e-01  1.49623566e+07  4.73270619e-02  1.49623566e+07  1.00000000e+00 
 1.58489319e+07  1.38117915e+00  1.58489319e+07  1.00000000e+00  1.58489319e+07  7.97200736e-01  1.58489319e+07  7.97200737e-01  1.58489319e+07  5.27761421e-02  1.58489319e+07  9.99999999e-01 
 1.67880402e+07  1.07970862e+00  1.67880402e+07  1.00000000e+00  1.67880402e+07  7.93593194e-01  1.67880402e+07  7.93593194e-01  1.67880402e+07  5.87836328e-02  1.67880402e+07  9.99999999e-01 
 1.77827941e+07  7.93335774e-01  1.77827941e+07  1.00000000e+00  1.77827941e+07  7.90042841e-01  1.77827941e+07  7.90042841e-01  1.77827941e+07  6.53941901e-02  1.77827941e+07  9.99999999e-01 
 1.88364909e+07  5.22878891e-01  1.88364909e+07  1.00000000e+00  1.88364909e+07  7.86561435e-01  1.88364909e+07  7.86561435e-01  1.88364909e+07  7.26537443e-02  1.88364909e+07  9.99999999e-01 
 1.99526231e+07  2.69175706e-01  1.99526231e+07  9.99999999e-01  1.99526231e+07  7.83160862e-01  1.99526231e+07  7.83160862e-01  1.99526231e+07  8.06091680e-02  1.99526231e+07  1.00000000e+00 
 2.11348904e+07  3.30311228e-02  2.11348904e+07  9.99999999e-01  2.11348904e+07  7.79852769e-01  2.11348904e+07  7.79852770e-01  2.11348904e+07  8.93079165e-02  2.11348904e+07  1.00000000e+00 
 2.23872114e+07 -1.84830924e-01  2.23872114e+07  9.99999998e-01  2.23872114e+07  7.76648217e-01  2.23872114e+07  7.76648217e-01  2.23872114e+07  9.87976519e-02  2.23872114e+07  1.00000000e+00 
 2.37137371e+07 -3.83819147e-01  2.37137371e+07  9.99999997e-01  2.37137371e+07  7.73557362e-01  2.37137371e+07  7.73557362e-01  2.37137371e+07  1.09125873e-01  2.37137371e+07  1.00000000e+00 
 2.51188643e+07 -5.63520897e-01  2.51188643e+07  9.99999996e-01  2.51188643e+07  7.70589191e-01  2.51188643e+07  7.70589192e-01  2.51188643e+07  1.20339574e-01  2.51188643e+07  1.00000000e+00 
 2.66072506e+07 -7.23736038e-01  2.66072506e+07  9.99999995e-01  2.66072506e+07  7.67751308e-01  2.66072506e+07  7.67751308e-01  2.66072506e+07  1.32484952e-01  2.66072506e+07  1.00000000e+00 
 2.81838293e+07 -8.64504242e-01  2.81838293e+07  9.99999994e-01  2.81838293e+07  7.65049776e-01  2.81838293e+07  7.65049776e-01  2.81838293e+07  1.45607194e-01  2.81838293e+07  1.00000000e+00 
 2.98538262e+07 -9.86118294e-01  2.98538262e+07  9.99999992e-01  2.98538262e+07  7.62489034e-01  2.98538262e+07  7.62489033e-01  2.98538262e+07  1.59750366e-01  2.98538262e+07  1.00000000e+00 
 3.16227766e+07 -1.08912115e+00  3.16227766e+07  9.99999989e-01  3.16227766e+07  7.60071862e-01  3.16227766e+07  7.60071861e-01  3.16227766e+07  1.74957405e-01  3.16227766e+07  1.00000000e+00 
 3.34965439e+07 -1.17429298e+00  3.34965439e+07  9.99999986e-01  3.34965439e+07  7.57799416e-01  3.34965439e+07  7.57799415e-01  3.34965439e+07  1.91270261e-01  3.34965439e+07  1.00000000e+00 
 3.54813389e+07 -1.24262388e+00  3.54813389e+07  9.99999983e-01  3.54813389e+07  7.55671306e-01  3.54813389e+07  7.55671305e-01  3.54813389e+07  2.08730152e-01  3.54813389e+07  1.00000001e+00 
 3.75837404e+07 -1.29527722e+00  3.75837404e+07  9.99999979e-01  3.75837404e+07  7.53685717e-01  3.75837404e+07  7.53685715e-01  3.75837404e+07  2.27377956e-01  3.75837404e+07  1.00000001e+00 
 3.98107171e+07 -1.33354649e+00  3.98107171e+07  9.99999974e-01  3.98107171e+07  7.51839562e-01  3.98107171e+07  7.51839560e-01  3.98107171e+07  2.47254717e-01  3.98107171e+07  1.00000001e+00 
 4.21696503e+07 -1.35880875e+00  4.21696503e+07  9.99999968e-01  4.21696503e+07  7.50128652e-01  4.21696503e+07  7.50128650e-01  4.21696503e+07  2.68402240e-01  4.21696503e+07  1.00000001e+00 
 4.46683592e+07 -1.37247746e+00  4.46683592e+07  9.99999962e-01  4.46683592e+07  7.48547885e-01  4.46683592e+07  7.48547882e-01  4.46683592e+07  2.90863762e-01  4.46683592e+07  1.00000001e+00 
 4.73151259e+07 -1.37595869e+00  4.73151259e+07  9.99999955e-01  4.73151259e+07  7.47091422e-01  4.73151259e+07  7.47091420e-01  4.73151259e+07  3.14684651e-01  4.73151259e+07  1.00000001e+00 
 5.01187234e+07 -1.37061237e+00  5.01187234e+07  9.99999947e-01  5.01187234e+07  7.45752871e-01  5.01187234e+07  7.45752869e-01  5.01187234e+07  3.39913123e-01  5.01187234e+07  1.00000002e+00 
 5.30884444e+07 -1.35772033e+00  5.30884444e+07  9.99999937e-01  5.30884444e+07  7.44525453e-01  5.30884444e+07  7.44525451e-01  5.30884444e+07  3.66600938e-01  5.30884444e+07  1.00000002e+00 
 5.62341325e+07 -1.33846186e+00  5.62341325e+07  9.99999927e-01  5.62341325e+07  7.43402148e-01  5.62341325e+07  7.43402147e-01  5.62341325e+07  3.94804050e-01  5.62341325e+07  1.00000002e+00 
 5.95662144e+07 -1.31389740e+00  5.95662144e+07  9.99999915e-01  5.95662144e+07  7.42375830e-01  5.95662144e+07  7.42375830e-01  5.95662144e+07  4.24583202e-01  5.95662144e+07  1.00000002e+00 
 6.30957344e+07 -1.28495943e+00  6.30957344e+07  9.99999901e-01  6.30957344e+07  7.41439380e-01  6.30957344e+07  7.41439382e-01  6.30957344e+07  4.56004432e-01  6.30957344e+07  1.00000002e+00 
 6.68343918e+07 -1.25245005e+00  6.68343918e+07  9.99999886e-01  6.68343918e+07  7.40585775e-01  6.68343918e+07  7.40585778e-01  6.68343918e+07  4.89139515e-01  6.68343918e+07  1.00000003e+00 
 7.07945784e+07 -1.21704397e+00  7.07945784e+07  9.99999869e-01  7.07945784e+07  7.39808162e-01  7.07945784e+07  7.39808168e-01  7.07945784e+07  5.24066293e-01  7.07945784e+07  1.00000003e+00 
 7.49894209e+07 -1.17929594e+00  7.49894209e+07  9.99999850e-01  7.49894209e+07  7.39099919e-01  7.49894209e+07  7.39099927e-01  7.49894209e+07  5.60868937e-01  7.49894209e+07  1.00000003e+00 
 7.94328235e+07 -1.13965105e+00  7.94328235e+07  9.99999828e-01  7.94328235e+07  7.38454686e-01  7.94328235e+07  7.38454698e-01  7.94328235e+07  5.99638109e-01  7.94328235e+07  1.00000003e+00 
 8.41395142e+07 -1.09845723e+00  8.41395142e+07  9.99999804e-01  8.41395142e+07  7.37866400e-01  8.41395142e+07  7.37866417e-01  8.41395142e+07  6.40471045e-01  8.41395142e+07  1.00000003e+00 
 8.91250938e+07 -1.05597864e+00  8.91250938e+07  9.99999777e-01  8.91250938e+07  7.37329307e-01  8.91250938e+07  7.37329329e-01  8.91250938e+07  6.83471558e-01  8.91250938e+07  1.00000004e+00 
 9.44060876e+07 -1.01240927e+00  9.44060876e+07  9.99999746e-01  9.44060876e+07  7.36837968e-01  9.44060876e+07  7.36837997e-01  9.44060876e+07  7.28749963e-01  9.44060876e+07  1.00000004e+00 
 1.00000000e+08 -9.67886116e-01  1.00000000e+08  9.99999712e-01  1.00000000e+08  7.36387262e-01  1.00000000e+08  7.36387299e-01  1.00000000e+08  7.76422918e-01  1.00000000e+08  1.00000004e+00 
 1.05925373e+08 -9.22501355e-01  1.05925373e+08  9.99999674e-01  1.05925373e+08  7.35972375e-01  1.05925373e+08  7.35972421e-01  1.05925373e+08  8.26613191e-01  1.05925373e+08  1.00000004e+00 
 1.12201845e+08 -8.76313325e-01  1.12201845e+08  9.99999630e-01  1.12201845e+08  7.35588795e-01  1.12201845e+08  7.35588852e-01  1.12201845e+08  8.79449329e-01  1.12201845e+08  1.00000004e+00 
 1.18850223e+08 -8.29355906e-01  1.18850223e+08  9.99999582e-01  1.18850223e+08  7.35232285e-01  1.18850223e+08  7.35232355e-01  1.18850223e+08  9.35065231e-01  1.18850223e+08  1.00000004e+00 
 1.25892541e+08 -7.81646297e-01  1.25892541e+08  9.99999527e-01  1.25892541e+08  7.34898820e-01  1.25892541e+08  7.34898905e-01  1.25892541e+08  9.93599578e-01  1.25892541e+08  1.00000003e+00 
 1.33352143e+08 -7.33191079e-01  1.33352143e+08  9.99999465e-01  1.33352143e+08  7.34584433e-01  1.33352143e+08  7.34584536e-01  1.33352143e+08  1.05519507e+00  1.33352143e+08  1.00000003e+00 
 1.41253754e+08 -6.83990506e-01  1.41253754e+08  9.99999397e-01  1.41253754e+08  7.34284956e-01  1.41253754e+08  7.34285080e-01  1.41253754e+08  1.11999746e+00  1.41253754e+08  1.00000002e+00 
 1.49623566e+08 -6.34041335e-01  1.49623566e+08  9.99999319e-01  1.49623566e+08  7.33995958e-01  1.49623566e+08  7.33996107e-01  1.49623566e+08  1.18815453e+00  1.49623566e+08  1.00000001e+00 
 1.58489319e+08 -5.83338751e-01  1.58489319e+08  9.99999232e-01  1.58489319e+08  7.33713326e-01  1.58489319e+08  7.33713504e-01  1.58489319e+08  1.25981528e+00  1.58489319e+08  1.00000000e+00 
 1.67880402e+08 -5.31877526e-01  1.67880402e+08  9.99999136e-01  1.67880402e+08  7.33433904e-01  1.67880402e+08  7.33434117e-01  1.67880402e+08  1.33512891e+00  1.67880402e+08  9.99999983e-01 
 1.77827941e+08 -4.79651603e-01  1.77827941e+08  9.99999027e-01  1.77827941e+08  7.33155110e-01  1.77827941e+08  7.33155364e-01  1.77827941e+08  1.41424283e+00  1.77827941e+08  9.99999960e-01 
 1.88364909e+08 -4.26652460e-01  1.88364909e+08  9.99998907e-01  1.88364909e+08  7.32874231e-01  1.88364909e+08  7.32874533e-01  1.88364909e+08  1.49730015e+00  1.88364909e+08  9.99999930e-01 
 1.99526231e+08 -3.72867177e-01  1.99526231e+08  9.99998773e-01  1.99526231e+08  7.32588243e-01  1.99526231e+08  7.32588603e-01  1.99526231e+08  1.58443711e+00  1.99526231e+08  9.99999891e-01 
 2.11348904e+08 -3.18276427e-01  2.11348904e+08  9.99998625e-01  2.11348904e+08  7.32293924e-01  2.11348904e+08  7.32294353e-01  2.11348904e+08  1.67578037e+00  2.11348904e+08  9.99999840e-01 
 2.23872114e+08 -2.62852397e-01  2.23872114e+08  9.99998462e-01  2.23872114e+08  7.31987959e-01  2.23872114e+08  7.31988471e-01  2.23872114e+08  1.77144367e+00  2.23872114e+08  9.99999774e-01 
 2.37137371e+08 -2.06556636e-01  2.37137371e+08  9.99998283e-01  2.37137371e+08  7.31666982e-01  2.37137371e+08  7.31667593e-01  2.37137371e+08  1.87152413e+00  2.37137371e+08  9.99999689e-01 
 2.51188643e+08 -1.49337971e-01  2.51188643e+08  9.99998089e-01  2.51188643e+08  7.31327582e-01  2.51188643e+08  7.31328313e-01  2.51188643e+08  1.97609772e+00  2.51188643e+08  9.99999581e-01 
 2.66072506e+08 -9.11305434e-02  2.66072506e+08  9.99997879e-01  2.66072506e+08  7.30966299e-01  2.66072506e+08  7.30967174e-01  2.66072506e+08  2.08521435e+00  2.66072506e+08  9.99999443e-01 
 2.81838293e+08 -3.18520206e-02  2.81838293e+08  9.99997655e-01  2.81838293e+08  7.30579621e-01  2.81838293e+08  7.30580670e-01  2.81838293e+08  2.19889216e+00  2.81838293e+08  9.99999267e-01 
 2.98538262e+08  2.85980235e-02  2.98538262e+08  9.99997419e-01  2.98538262e+08  7.30163985e-01  2.98538262e+08  7.30165246e-01  2.98538262e+08  2.31711123e+00  2.98538262e+08  9.99999044e-01 
 3.16227766e+08  9.03395638e-02  3.16227766e+08  9.99997175e-01  3.16227766e+08  7.29715792e-01  3.16227766e+08  7.29717309e-01  3.16227766e+08  2.43980671e+00  3.16227766e+08  9.99998762e-01 
 3.34965439e+08  1.53513447e-01  3.34965439e+08  9.99996927e-01  3.34965439e+08  7.29231420e-01  3.34965439e+08  7.29233249e-01  3.34965439e+08  2.56686130e+00  3.34965439e+08  9.99998406e-01 
 3.54813389e+08  2.18282622e-01  3.54813389e+08  9.99996685e-01  3.54813389e+08  7.28707261e-01  3.54813389e+08  7.28709469e-01  3.54813389e+08  2.69809728e+00  3.54813389e+08  9.99997957e-01 
 3.75837404e+08  2.84833309e-01  3.75837404e+08  9.99996459e-01  3.75837404e+08  7.28139758e-01  3.75837404e+08  7.28142429e-01  3.75837404e+08  2.83326823e+00  3.75837404e+08  9.99997392e-01 
 3.98107171e+08  3.53376159e-01  3.98107171e+08  9.99996263e-01  3.98107171e+08  7.27525461e-01  3.98107171e+08  7.27528698e-01  3.98107171e+08  2.97205053e+00  3.98107171e+08  9.99996684e-01 
 4.21696503e+08  4.24147401e-01  4.21696503e+08  9.99996120e-01  4.21696503e+08  7.26861092e-01  4.21696503e+08  7.26865020e-01  4.21696503e+08  3.11403504e+00  4.21696503e+08  9.99995797e-01 
 4.46683592e+08  4.97410023e-01  4.46683592e+08  9.99996055e-01  4.46683592e+08  7.26143625e-01  4.46683592e+08  7.26148398e-01  4.46683592e+08  3.25871926e+00  4.46683592e+08  9.99994689e-01 
 4.73151259e+08  5.73454954e-01  4.73151259e+08  9.99996105e-01  4.73151259e+08  7.25370376e-01  4.73151259e+08  7.25376183e-01  4.73151259e+08  3.40550039e+00  4.73151259e+08  9.99993306e-01 
 5.01187234e+08  6.52602248e-01  5.01187234e+08  9.99996314e-01  5.01187234e+08  7.24539105e-01  5.01187234e+08  7.24546178e-01  5.01187234e+08  3.55366974e+00  5.01187234e+08  9.99991586e-01 
 5.30884444e+08  7.35202216e-01  5.30884444e+08  9.99996740e-01  5.30884444e+08  7.23648126e-01  5.30884444e+08  7.23656748e-01  5.30884444e+08  3.70240922e+00  5.30884444e+08  9.99989449e-01 
 5.62341325e+08  8.21636447e-01  5.62341325e+08  9.99997456e-01  5.62341325e+08  7.22696414e-01  5.62341325e+08  7.22706930e-01  5.62341325e+08  3.85079041e+00  5.62341325e+08  9.99986803e-01 
 5.95662144e+08  9.12318633e-01  5.95662144e+08  9.99998554e-01  5.95662144e+08  7.21683723e-01  5.95662144e+08  7.21696554e-01  5.95662144e+08  3.99777677e+00  5.95662144e+08  9.99983531e-01 
 6.30957344e+08  1.00769509e+00  6.30957344e+08  1.00000015e+00  6.30957344e+08  7.20610683e-01  6.30957344e+08  7.20626341e-01  6.30957344e+08  4.14222983e+00  6.30957344e+08  9.99979498e-01 
 6.68343918e+08  1.10824486e+00  6.68343918e+08  1.00000237e+00  6.68343918e+08  7.19478893e-01  6.68343918e+08  7.19498000e-01  6.68343918e+08  4.28291970e+00  6.68343918e+08  9.99974538e-01 
 7.07945784e+08  1.21447922e+00  7.07945784e+08  1.00000540e+00  7.07945784e+08  7.18290985e-01  7.07945784e+08  7.18314293e-01  7.07945784e+08  4.41854025e+00  7.07945784e+08  9.99968456e-01 
 7.49894209e+08  1.32694049e+00  7.49894209e+08  1.00000944e+00  7.49894209e+08  7.17050662e-01  7.49894209e+08  7.17079076e-01  7.49894209e+08  4.54772931e+00  7.49894209e+08  9.99961019e-01 
 7.94328235e+08  1.44619993e+00  7.94328235e+08  1.00001472e+00  7.94328235e+08  7.15762691e-01  7.94328235e+08  7.15797301e-01  7.94328235e+08  4.66909364e+00  7.94328235e+08  9.99951955e-01 
 8.41395142e+08  1.57285463e+00  8.41395142e+08  1.00002156e+00  8.41395142e+08  7.14432870e-01  8.41395142e+08  7.14474979e-01  8.41395142e+08  4.78123825e+00  8.41395142e+08  9.99940942e-01 
 8.91250938e+08  1.70752327e+00  8.91250938e+08  1.00003028e+00  8.91250938e+08  7.13067927e-01  8.91250938e+08  7.13119091e-01  8.91250938e+08  4.88279936e+00  8.91250938e+08  9.99927607e-01 
 9.44060876e+08  1.85084050e+00  9.44060876e+08  1.00004128e+00  9.44060876e+08  7.11675399e-01  9.44060876e+08  7.11737464e-01  9.44060876e+08  4.97247985e+00  9.44060876e+08  9.99911518e-01 
 1.00000000e+09  2.00345016e+00  1.00000000e+09  1.00005505e+00  1.00000000e+09  7.10263448e-01  1.00000000e+09  7.10338595e-01  1.00000000e+09  5.04908576e+00  1.00000000e+09  9.99892177e-01 
 1.05925373e+09  2.16599704e+00  1.05925373e+09  1.00007210e+00  1.05925373e+09  7.08840654e-01  1.05925373e+09  7.08931451e-01  1.05925373e+09  5.11156209e+00  1.05925373e+09  9.99869016e-01 
 1.12201845e+09  2.33911747e+00  1.12201845e+09  1.00009306e+00  1.12201845e+09  7.07415785e-01  1.12201845e+09  7.07525234e-01  1.12201845e+09  5.15902629e+00  1.12201845e+09  9.99841393e-01 
 1.18850223e+09  2.52342870e+00  1.18850223e+09  1.00011861e+00  1.18850223e+09  7.05997544e-01  1.18850223e+09  7.06129143e-01  1.18850223e+09  5.19079740e+00  1.18850223e+09  9.99808582e-01 
 1.25892541e+09  2.71951732e+00  1.25892541e+09  1.00014955e+00  1.25892541e+09  7.04594331e-01  1.25892541e+09  7.04752129e-01  1.25892541e+09  5.20641931e+00  1.25892541e+09  9.99769771e-01 
 1.33352143e+09  2.92792693e+00  1.33352143e+09  1.00018672e+00  1.33352143e+09  7.03214008e-01  1.33352143e+09  7.03402669e-01  1.33352143e+09  5.20567680e+00  1.33352143e+09  9.99724061e-01 
 1.41253754e+09  3.14914525e+00  1.41253754e+09  1.00023111e+00  1.41253754e+09  7.01863694e-01  1.41253754e+09  7.02088561e-01  1.41253754e+09  5.18860322e+00  1.41253754e+09  9.99670458e-01 
 1.49623566e+09  3.38359086e+00  1.49623566e+09  1.00028375e+00  1.49623566e+09  7.00549602e-01  1.49623566e+09  7.00816762e-01  1.49623566e+09  5.15547952e+00  1.49623566e+09  9.99607876e-01 
 1.58489319e+09  3.63159990e+00  1.58489319e+09  1.00034581e+00  1.58489319e+09  6.99276911e-01  1.58489319e+09  6.99593261e-01  1.58489319e+09  5.10682455e+00  1.58489319e+09  9.99535131e-01 
 1.67880402e+09  3.89341264e+00  1.67880402e+09  1.00041853e+00  1.67880402e+09  6.98049689e-01  1.67880402e+09  6.98423001e-01  1.67880402e+09  5.04337737e+00  1.67880402e+09  9.99450945e-01 
 1.77827941e+09  4.16916009e+00  1.77827941e+09  1.00050326e+00  1.77827941e+09  6.96870855e-01  1.77827941e+09  6.97309844e-01  1.77827941e+09  4.96607246e+00  1.77827941e+09  9.99353945e-01 
 1.88364909e+09  4.45885048e+00  1.88364909e+09  1.00060144e+00  1.88364909e+09  6.95742196e-01  1.88364909e+09  6.96256579e-01  1.88364909e+09  4.87600947e+00  1.88364909e+09  9.99242664e-01 
 1.99526231e+09  4.76235558e+00  1.99526231e+09  1.00071459e+00  1.99526231e+09  6.94664404e-01  1.99526231e+09  6.95264968e-01  1.99526231e+09  4.77441913e+00  1.99526231e+09  9.99115546e-01 
 2.11348904e+09  5.07939648e+00  2.11348904e+09  1.00084433e+00  2.11348904e+09  6.93637164e-01  2.11348904e+09  6.94335816e-01  2.11348904e+09  4.66262714e+00  2.11348904e+09  9.98970949e-01 
 2.23872114e+09  5.40952858e+00  2.23872114e+09  1.00099235e+00  2.23872114e+09  6.92659241e-01  2.23872114e+09  6.93469069e-01  2.23872114e+09  4.54201781e+00  2.23872114e+09  9.98807153e-01 
 2.37137371e+09  5.75212576e+00  2.37137371e+09  1.00116043e+00  2.37137371e+09  6.91728605e-01  2.37137371e+09  6.92663922e-01  2.37137371e+09  4.41399922e+00  2.37137371e+09  9.98622367e-01 
 2.51188643e+09  6.10636323e+00  2.51188643e+09  1.00135040e+00  2.51188643e+09  6.90842553e-01  2.51188643e+09  6.91918934e-01  2.51188643e+09  4.27997099e+00  2.51188643e+09  9.98414740e-01 
 2.66072506e+09  6.47119941e+00  2.66072506e+09  1.00156412e+00  2.66072506e+09  6.89997831e-01  2.66072506e+09  6.91232147e-01  2.66072506e+09  4.14129602e+00  2.66072506e+09  9.98182380e-01 
 2.81838293e+09  6.84535674e+00  2.81838293e+09  1.00180351e+00  2.81838293e+09  6.89190768e-01  2.81838293e+09  6.90601200e-01  2.81838293e+09  3.99927666e+00  2.81838293e+09  9.97923367e-01 
 2.98538262e+09  7.22730220e+00  2.98538262e+09  1.00207046e+00  2.98538262e+09  6.88417396e-01  2.98538262e+09  6.90023430e-01  2.98538262e+09  3.85513576e+00  2.98538262e+09  9.97635783e-01 
 3.16227766e+09  7.61522813e+00  3.16227766e+09  1.00236687e+00  3.16227766e+09  6.87673563e-01  3.16227766e+09  6.89495973e-01  3.16227766e+09  3.71000263e+00  3.16227766e+09  9.97317743e-01 
 3.34965439e+09  8.00703467e+00  3.34965439e+09  1.00269453e+00  3.34965439e+09  6.86955049e-01  3.34965439e+09  6.89015844e-01  3.34965439e+09  3.56490362e+00  3.34965439e+09  9.96967427e-01 
 3.54813389e+09  8.40031528e+00  3.54813389e+09  1.00305516e+00  3.54813389e+09  6.86257662e-01  3.54813389e+09  6.88580011e-01  3.54813389e+09  3.42075703e+00  3.54813389e+09  9.96583132e-01 
 3.75837404e+09  8.79234729e+00  3.75837404e+09  1.00345029e+00  3.75837404e+09  6.85577339e-01  3.75837404e+09  6.88185454e-01  3.75837404e+09  3.27837164e+00  3.75837404e+09  9.96163316e-01 
 3.98107171e+09  9.18008954e+00  3.98107171e+09  1.00388124e+00  3.98107171e+09  6.84910231e-01  3.98107171e+09  6.87829213e-01  3.98107171e+09  3.13844835e+00  3.98107171e+09  9.95706665e-01 
 4.21696503e+09  9.56018955e+00  4.21696503e+09  1.00434905e+00  4.21696503e+09  6.84252785e-01  4.21696503e+09  6.87508428e-01  4.21696503e+09  3.00158427e+00  4.21696503e+09  9.95212149e-01 
 4.46683592e+09  9.92900248e+00  4.46683592e+09  1.00485437e+00  4.46683592e+09  6.83601823e-01  4.46683592e+09  6.87220368e-01  4.46683592e+09  2.86827866e+00  4.46683592e+09  9.94679097e-01 
 4.73151259e+09  1.02826242e+01  4.73151259e+09  1.00539746e+00  4.73151259e+09  6.82954607e-01  4.73151259e+09  6.86962447e-01  4.73151259e+09  2.73894006e+00  4.73151259e+09  9.94107262e-01 
 5.01187234e+09  1.06169403e+01  5.01187234e+09  1.00597804e+00  5.01187234e+09  6.82308903e-01  5.01187234e+09  6.86732248e-01  5.01187234e+09  2.61389427e+00  5.01187234e+09  9.93496891e-01 
 5.30884444e+09  1.09276917e+01  5.30884444e+09  1.00659529e+00  5.30884444e+09  6.81663030e-01  5.30884444e+09  6.86527521e-01  5.30884444e+09  2.49339266e+00  5.30884444e+09  9.92848785e-01 
 5.62341325e+09  1.12105575e+01  5.62341325e+09  1.00724772e+00  5.62341325e+09  6.81015902e-01  5.62341325e+09  6.86346198e-01  5.62341325e+09  2.37762053e+00  5.62341325e+09  9.92164353e-01 
 5.95662144e+09  1.14612546e+01  5.95662144e+09  1.00793321e+00  5.95662144e+09  6.80367051e-01  5.95662144e+09  6.86186384e-01  5.95662144e+09  2.26670526e+00  5.95662144e+09  9.91445647e-01 
 6.30957344e+09  1.16756491e+01  6.30957344e+09  1.00864892e+00  6.30957344e+09  6.79716640e-01  6.30957344e+09  6.86046364e-01  6.30957344e+09  2.16072399e+00  6.30957344e+09  9.90695377e-01 
 6.68343918e+09  1.18498797e+01  6.68343918e+09  1.00939128e+00  6.68343918e+09  6.79065455e-01  6.68343918e+09  6.85924594e-01  6.68343918e+09  2.05971087e+00  6.68343918e+09  9.89916909e-01 
 7.07945784e+09  1.19804831e+01  7.07945784e+09  1.01015609e+00  7.07945784e+09  6.78414877e-01  7.07945784e+09  6.85819697e-01  7.07945784e+09  1.96366362e+00  7.07945784e+09  9.89114224e-01 
 7.49894209e+09  1.20645195e+01  7.49894209e+09  1.01093849e+00  7.49894209e+09  6.77766834e-01  7.49894209e+09  6.85730460e-01  7.49894209e+09  1.87254950e+00  7.49894209e+09  9.88291863e-01 
 7.94328235e+09  1.20996873e+01  7.94328235e+09  1.01173306e+00  7.94328235e+09  6.77123736e-01  7.94328235e+09  6.85655826e-01  7.94328235e+09  1.78631067e+00  7.94328235e+09  9.87454837e-01 
 8.41395142e+09  1.20844229e+01  8.41395142e+09  1.01253397e+00  8.41395142e+09  6.76488396e-01  8.41395142e+09  6.85594887e-01  8.41395142e+09  1.70486880e+00  8.41395142e+09  9.86608512e-01 
 8.91250938e+09  1.20179769e+01  8.91250938e+09  1.01333504e+00  8.91250938e+09  6.75863928e-01  8.91250938e+09  6.85546880e-01  8.91250938e+09  1.62812927e+00  8.91250938e+09  9.85758480e-01 
 9.44060876e+09  1.19004632e+01  9.44060876e+09  1.01412991e+00  9.44060876e+09  6.75253648e-01  9.44060876e+09  6.85511179e-01  9.44060876e+09  1.55598466e+00  9.44060876e+09  9.84910410e-01 
 1.00000000e+10  1.17328760e+01  1.00000000e+10  1.01491220e+00  1.00000000e+10  6.74660963e-01  1.00000000e+10  6.85487290e-01  1.00000000e+10  1.48831785e+00  1.00000000e+10  9.84069901e-01 
 1.05925373e+10  1.15170746e+01  1.05925373e+10  1.01567561e+00  1.05925373e+10  6.74089270e-01  1.05925373e+10  6.85474847e-01  1.05925373e+10  1.42500457e+00  1.05925373e+10  9.83242329e-01 
 1.12201845e+10  1.12557367e+01  1.12201845e+10  1.01641412e+00  1.12201845e+10  6.73541851e-01  1.12201845e+10  6.85473604e-01  1.12201845e+10  1.36591558e+00  1.12201845e+10  9.82432713e-01 
 1.18850223e+10  1.09522828e+01  1.18850223e+10  1.01712203e+00  1.18850223e+10  6.73021797e-01  1.18850223e+10  6.85483431e-01  1.18850223e+10  1.31091850e+00  1.18850223e+10  9.81645595e-01 
 1.25892541e+10  1.06107769e+01  1.25892541e+10  1.01779412e+00  1.25892541e+10  6.72531927e-01  1.25892541e+10  6.85504308e-01  1.25892541e+10  1.25987917e+00  1.25892541e+10  9.80884935e-01 
 1.33352143e+10  1.02358103e+01  1.33352143e+10  1.01842568e+00  1.33352143e+10  6.72074744e-01  1.33352143e+10  6.85536322e-01  1.33352143e+10  1.21266282e+00  1.33352143e+10  9.80154044e-01 
 1.41253754e+10  9.83237298e+00  1.41253754e+10  1.01901257e+00  1.41253754e+10  6.71652396e-01  1.41253754e+10  6.85579658e-01  1.41253754e+10  1.16913487e+00  1.41253754e+10  9.79455536e-01 
 1.49623566e+10  9.40572111e+00  1.49623566e+10  1.01955122e+00  1.49623566e+10  6.71266656e-01  1.49623566e+10  6.85634592e-01  1.49623566e+10  1.12916143e+00  1.49623566e+10  9.78791300e-01 
 1.58489319e+10  8.96124498e+00  1.58489319e+10  1.02003863e+00  1.58489319e+10  6.70918921e-01  1.58489319e+10  6.85701485e-01  1.58489319e+10  1.09260964e+00  1.58489319e+10  9.78162505e-01 
 1.67880402e+10  8.50434296e+00  1.67880402e+10  1.02047232e+00  1.67880402e+10  6.70610218e-01  1.67880402e+10  6.85780773e-01  1.67880402e+10  1.05934760e+00  1.67880402e+10  9.77569615e-01 
 1.77827941e+10  8.04030510e+00  1.77827941e+10  1.02085032e+00  1.77827941e+10  6.70341220e-01  1.77827941e+10  6.85872954e-01  1.77827941e+10  1.02924423e+00  1.77827941e+10  9.77012421e-01 
 1.88364909e+10  7.57420906e+00  1.88364909e+10  1.02117111e+00  1.88364909e+10  6.70112262e-01  1.88364909e+10  6.85978572e-01  1.88364909e+10  1.00216880e+00  1.88364909e+10  9.76490078e-01 
 1.99526231e+10  7.11083015e+00  1.99526231e+10  1.02143355e+00  1.99526231e+10  6.69923365e-01  1.99526231e+10  6.86098207e-01  1.99526231e+10  9.77990313e-01  1.99526231e+10  9.76001146e-01 
 2.11348904e+10  6.65456654e+00  2.11348904e+10  1.02163685e+00  2.11348904e+10  6.69774247e-01  2.11348904e+10  6.86232446e-01  2.11348904e+10  9.56576632e-01  2.11348904e+10  9.75543632e-01 
 2.23872114e+10  6.20938002e+00  2.23872114e+10  1.02178055e+00  2.23872114e+10  6.69664330e-01  2.23872114e+10  6.86381864e-01  2.23872114e+10  9.37793498e-01  2.23872114e+10  9.75115025e-01 
 2.37137371e+10  5.77875240e+00  2.37137371e+10  1.02186449e+00  2.37137371e+10  6.69592746e-01  2.37137371e+10  6.86546989e-01  2.37137371e+10  9.21503361e-01  2.37137371e+10  9.74712322e-01 
 2.51188643e+10  5.36565725e+00  2.51188643e+10  1.02188885e+00  2.51188643e+10  6.69558320e-01  2.51188643e+10  6.86728276e-01  2.51188643e+10  9.07564082e-01  2.51188643e+10  9.74332051e-01 
 2.66072506e+10  4.97254658e+00  2.66072506e+10  1.02185415e+00  2.66072506e+10  6.69559548e-01  2.66072506e+10  6.86926062e-01  2.66072506e+10  8.95827561e-01  2.66072506e+10  9.73970274e-01 
 2.81838293e+10  4.60135169e+00  2.81838293e+10  1.02176139e+00  2.81838293e+10  6.69594568e-01  2.81838293e+10  6.87140528e-01  2.81838293e+10  8.86138305e-01  2.81838293e+10  9.73622594e-01 
 2.98538262e+10  4.25349723e+00  2.98538262e+10  1.02161210e+00  2.98538262e+10  6.69661118e-01  2.98538262e+10  6.87371652e-01  2.98538262e+10  8.78332021e-01  2.98538262e+10  9.73284144e-01 
