 1.00000000e+07  5.02685924e+01  1.00000000e+07  1.00000000e+00  1.00000000e+07  8.13987724e-01  1.00000000e+07  8.13987724e-01  1.00000000e+07  7.02296437e-03  1.00000000e+07  1.00000000e+00 
 1.05925373e+07  4.72150849e+01  1.05925373e+07  1.00000000e+00  1.05925373e+07  8.10644830e-01  1.05925373e+07  8.10644831e-01  1.05925373e+07  7.89302662e-03  1.05925373e+07  1.00000000e+00 
 1.12201845e+07  4.41172909e+01  1.12201845e+07  1.00000000e+00  1.12201845e+07  8.07409692e-01  1.12201845e+07  8.07409693e-01  1.12201845e+07  8.86213804e-03  1.12201845e+07  9.99999999e-01 
 1.18850223e+07  4.09917084e+01  1.18850223e+07  1.00000000e+00  1.18850223e+07  8.04272434e-01  1.18850223e+07  8.04272435e-01  1.18850223e+07  9.94040805e-03  1.18850223e+07  9.99999999e-01 
 1.25892541e+07  3.78556166e+01  1.25892541e+07  1.00000000e+00  1.25892541e+07  8.01223949e-01  1.25892541e+07  8.01223949e-01  1.25892541e+07  1.11387454e-02  1.25892541e+07  9.99999999e-01 
 1.33352143e+07  3.47273344e+01  1.33352143e+07  1.00000000e+00  1.33352143e+07  7.98256048e-01  1.33352143e+07  7.98256049e-01  1.33352143e+07  1.24688692e-02  1.33352143e+07  9.99999999e-01 
 1.41253754e+07  3.16254743e+01  1.41253754e+07  1.00000000e+00  1.41253754e+07  7.95361571e-01  1.41253754e+07  7.95361572e-01  1.41253754e+07  1.39433071e-02  1.41253754e+07  9.99999999e-01 
 1.49623566e+07  2.85691199e+01  1.49623566e+07  1.00000000e+00  1.49623566e+07  7.92534450e-01  1.49623566e+07  7.92534451e-01  1.49623566e+07  1.55753815e-02  1.49623566e+07  9.99999999e-01 
 1.58489319e+07  2.55772922e+01  1.58489319e+07  1.00000000e+00  1.58489319e+07  7.89769748e-01  1.58489319e+07  7.89769749e-01  1.58489319e+07  1.73791782e-02  1.58489319e+07  9.99999999e-01 
 1.67880402e+07  2.26688041e+01  1.67880402e+07  1.00000000e+00  1.67880402e+07  7.87063671e-01  1.67880402e+07  7.87063673e-01  1.67880402e+07  1.93694991e-02  1.67880402e+07  9.99999998e-01 
 1.77827941e+07  1.98618702e+01  1.77827941e+07  1.00000000e+00  1.77827941e+07  7.84413558e-01  1.77827941e+07  7.84413560e-01  1.77827941e+07  2.15617965e-02  1.77827941e+07  9.99999998e-01 
 1.88364909e+07  1.71737428e+01  1.88364909e+07  1.00000000e+00  1.88364909e+07  7.81817857e-01  1.88364909e+07  7.81817858e-01  1.88364909e+07  2.39720897e-02  1.88364909e+07  9.99999998e-01 
 1.99526231e+07  1.46204049e+01  1.99526231e+07  1.00000000e+00  1.99526231e+07  7.79276078e-01  1.99526231e+07  7.79276080e-01  1.99526231e+07  2.66168637e-02  1.99526231e+07  9.99999998e-01 
 2.11348904e+07  1.22161570e+01  2.11348904e+07  1.00000000e+00  2.11348904e+07  7.76788736e-01  2.11348904e+07  7.76788737e-01  2.11348904e+07  2.95129545e-02  2.11348904e+07  9.99999998e-01 
 2.23872114e+07  9.97327007e+00  2.23872114e+07  1.00000000e+00  2.23872114e+07  7.74357263e-01  2.23872114e+07  7.74357265e-01  2.23872114e+07  3.26774229e-02  2.23872114e+07  9.99999998e-01 
 2.37137371e+07  7.90165717e+00  2.37137371e+07  1.00000000e+00  2.37137371e+07  7.71983905e-01  2.37137371e+07  7.71983907e-01  2.37137371e+07  3.61274237e-02  2.37137371e+07  9.99999998e-01 
 2.51188643e+07  6.00859100e+00  2.51188643e+07  1.00000000e+00  2.51188643e+07  7.69671593e-01  2.51188643e+07  7.69671594e-01  2.51188643e+07  3.98800760e-02  2.51188643e+07  9.99999998e-01 
 2.66072506e+07  4.29850807e+00  2.66072506e+07  1.00000000e+00  2.66072506e+07  7.67423787e-01  2.66072506e+07  7.67423789e-01  2.66072506e+07  4.39523444e-02  2.66072506e+07  9.99999998e-01 
 2.81838293e+07  2.77289635e+00  2.81838293e+07  1.00000000e+00  2.81838293e+07  7.65244314e-01  2.81838293e+07  7.65244315e-01  2.81838293e+07  4.83609379e-02  2.81838293e+07  9.99999998e-01 
 2.98538262e+07  1.43029494e+00  2.98538262e+07  1.00000000e+00  2.98538262e+07  7.63137178e-01  2.98538262e+07  7.63137179e-01  2.98538262e+07  5.31222373e-02  2.98538262e+07  9.99999999e-01 
 3.16227766e+07  2.66403261e-01  3.16227766e+07  9.99999999e-01  3.16227766e+07  7.61106378e-01  3.16227766e+07  7.61106378e-01  3.16227766e+07  5.82522573e-02  3.16227766e+07  9.99999999e-01 
 3.34965439e+07 -7.25697843e-01  3.34965439e+07  9.99999998e-01  3.34965439e+07  7.59155720e-01  3.34965439e+07  7.59155720e-01  3.34965439e+07  6.37666519e-02  3.34965439e+07  1.00000000e+00 
 3.54813389e+07 -1.55522998e+00  3.54813389e+07  9.99999997e-01  3.54813389e+07  7.57288652e-01  3.54813389e+07  7.57288651e-01  3.54813389e+07  6.96807656e-02  3.54813389e+07  1.00000000e+00 
 3.75837404e+07 -2.23332083e+00  3.75837404e+07  9.99999995e-01  3.75837404e+07  7.55508114e-01  3.75837404e+07  7.55508112e-01  3.75837404e+07  7.60097332e-02  3.75837404e+07  1.00000000e+00 
 3.98107171e+07 -2.77255377e+00  3.98107171e+07  9.99999993e-01  3.98107171e+07  7.53816417e-01  3.98107171e+07  7.53816414e-01  3.98107171e+07  8.27686252e-02  3.98107171e+07  1.00000000e+00 
 4.21696503e+07 -3.18649751e+00  4.21696503e+07  9.99999991e-01  4.21696503e+07  7.52215160e-01  4.21696503e+07  7.52215156e-01  4.21696503e+07  8.99726366e-02  4.21696503e+07  1.00000001e+00 
 4.46683592e+07 -3.48923488e+00  4.46683592e+07  9.99999988e-01  4.46683592e+07  7.50705176e-01  4.46683592e+07  7.50705171e-01  4.46683592e+07  9.76373087e-02  4.46683592e+07  1.00000001e+00 
 4.73151259e+07 -3.69492455e+00  4.73151259e+07  9.99999985e-01  4.73151259e+07  7.49286518e-01  4.73151259e+07  7.49286512e-01  4.73151259e+07  1.05778778e-01  4.73151259e+07  1.00000001e+00 
 5.01187234e+07 -3.81741153e+00  5.01187234e+07  9.99999982e-01  5.01187234e+07  7.47958471e-01  5.01187234e+07  7.47958463e-01  5.01187234e+07  1.14414039e-01  5.01187234e+07  1.00000001e+00 
 5.30884444e+07 -3.86990178e+00  5.30884444e+07  9.99999979e-01  5.30884444e+07  7.46719595e-01  5.30884444e+07  7.46719586e-01  5.30884444e+07  1.23561215e-01  5.30884444e+07  1.00000001e+00 
 5.62341325e+07 -3.86471066e+00  5.62341325e+07  9.99999975e-01  5.62341325e+07  7.45567790e-01  5.62341325e+07  7.45567779e-01  5.62341325e+07  1.33239821e-01  5.62341325e+07  1.00000002e+00 
 5.95662144e+07 -3.81308303e+00  5.95662144e+07  9.99999971e-01  5.95662144e+07  7.44500373e-01  5.95662144e+07  7.44500361e-01  5.95662144e+07  1.43471017e-01  5.95662144e+07  1.00000002e+00 
 6.30957344e+07 -3.72508425e+00  6.30957344e+07  9.99999966e-01  6.30957344e+07  7.43514172e-01  6.30957344e+07  7.43514158e-01  6.30957344e+07  1.54277842e-01  6.30957344e+07  1.00000002e+00 
 6.68343918e+07 -3.60955384e+00  6.68343918e+07  9.99999962e-01  6.68343918e+07  7.42605615e-01  6.68343918e+07  7.42605600e-01  6.68343918e+07  1.65685421e-01  6.68343918e+07  1.00000002e+00 
 7.07945784e+07 -3.47411017e+00  7.07945784e+07  9.99999957e-01  7.07945784e+07  7.41770828e-01  7.07945784e+07  7.41770812e-01  7.07945784e+07  1.77721157e-01  7.07945784e+07  1.00000003e+00 
 7.49894209e+07 -3.32519725e+00  7.49894209e+07  9.99999952e-01  7.49894209e+07  7.41005723e-01  7.49894209e+07  7.41005706e-01  7.49894209e+07  1.90414882e-01  7.49894209e+07  1.00000003e+00 
 7.94328235e+07 -3.16816120e+00  7.94328235e+07  9.99999946e-01  7.94328235e+07  7.40306082e-01  7.94328235e+07  7.40306064e-01  7.94328235e+07  2.03798999e-01  7.94328235e+07  1.00000003e+00 
 8.41395142e+07 -3.00734686e+00  8.41395142e+07  9.99999941e-01  8.41395142e+07  7.39667632e-01  8.41395142e+07  7.39667613e-01  8.41395142e+07  2.17908587e-01  8.41395142e+07  1.00000003e+00 
 8.91250938e+07 -2.84620518e+00  8.91250938e+07  9.99999935e-01  8.91250938e+07  7.39086108e-01  8.91250938e+07  7.39086088e-01  8.91250938e+07  2.32781496e-01  8.91250938e+07  1.00000004e+00 
 9.44060876e+07 -2.68740493e+00  9.44060876e+07  9.99999928e-01  9.44060876e+07  7.38557309e-01  9.44060876e+07  7.38557289e-01  9.44060876e+07  2.48458419e-01  9.44060876e+07  1.00000004e+00 
 1.00000000e+08 -2.53294220e+00  1.00000000e+08  9.99999921e-01  1.00000000e+08  7.38077145e-01  1.00000000e+08  7.38077125e-01  1.00000000e+08  2.64982948e-01  1.00000000e+08  1.00000004e+00 
 1.05925373e+08 -2.38424470e+00  1.05925373e+08  9.99999913e-01  1.05925373e+08  7.37641666e-01  1.05925373e+08  7.37641645e-01  1.05925373e+08  2.82401617e-01  1.05925373e+08  1.00000004e+00 
 1.12201845e+08 -2.24226756e+00  1.12201845e+08  9.99999905e-01  1.12201845e+08  7.37247092e-01  1.12201845e+08  7.37247072e-01  1.12201845e+08  3.00763937e-01  1.12201845e+08  1.00000004e+00 
 1.18850223e+08 -2.10757936e+00  1.18850223e+08  9.99999897e-01  1.18850223e+08  7.36889830e-01  1.18850223e+08  7.36889811e-01  1.18850223e+08  3.20122414e-01  1.18850223e+08  1.00000005e+00 
 1.25892541e+08 -1.98043782e+00  1.25892541e+08  9.99999887e-01  1.25892541e+08  7.36566487e-01  1.25892541e+08  7.36566469e-01  1.25892541e+08  3.40532553e-01  1.25892541e+08  1.00000005e+00 
 1.33352143e+08 -1.86085504e+00  1.33352143e+08  9.99999876e-01  1.33352143e+08  7.36273869e-01  1.33352143e+08  7.36273853e-01  1.33352143e+08  3.62052860e-01  1.33352143e+08  1.00000005e+00 
 1.41253754e+08 -1.74865293e+00  1.41253754e+08  9.99999865e-01  1.41253754e+08  7.36008990e-01  1.41253754e+08  7.36008975e-01  1.41253754e+08  3.84744812e-01  1.41253754e+08  1.00000005e+00 
 1.49623566e+08 -1.64350968e+00  1.49623566e+08  9.99999852e-01  1.49623566e+08  7.35769061e-01  1.49623566e+08  7.35769049e-01  1.49623566e+08  4.08672822e-01  1.49623566e+08  1.00000005e+00 
 1.58489319e+08 -1.54499789e+00  1.58489319e+08  9.99999838e-01  1.58489319e+08  7.35551487e-01  1.58489319e+08  7.35551478e-01  1.58489319e+08  4.33904168e-01  1.58489319e+08  1.00000005e+00 
 1.67880402e+08 -1.45261580e+00  1.67880402e+08  9.99999823e-01  1.67880402e+08  7.35353861e-01  1.67880402e+08  7.35353856e-01  1.67880402e+08  4.60508904e-01  1.67880402e+08  1.00000005e+00 
 1.77827941e+08 -1.36581243e+00  1.77827941e+08  9.99999806e-01  1.77827941e+08  7.35173952e-01  1.77827941e+08  7.35173951e-01  1.77827941e+08  4.88559725e-01  1.77827941e+08  1.00000005e+00 
 1.88364909e+08 -1.28400755e+00  1.88364909e+08  9.99999787e-01  1.88364909e+08  7.35009693e-01  1.88364909e+08  7.35009699e-01  1.88364909e+08  5.18131788e-01  1.88364909e+08  1.00000005e+00 
 1.99526231e+08 -1.20660753e+00  1.99526231e+08  9.99999767e-01  1.99526231e+08  7.34859178e-01  1.99526231e+08  7.34859190e-01  1.99526231e+08  5.49302486e-01  1.99526231e+08  1.00000005e+00 
 2.11348904e+08 -1.13301788e+00  2.11348904e+08  9.99999744e-01  2.11348904e+08  7.34720641e-01  2.11348904e+08  7.34720661e-01  2.11348904e+08  5.82151143e-01  2.11348904e+08  1.00000005e+00 
 2.23872114e+08 -1.06265296e+00  2.23872114e+08  9.99999718e-01  2.23872114e+08  7.34592441e-01  2.23872114e+08  7.34592471e-01  2.23872114e+08  6.16758634e-01  2.23872114e+08  1.00000005e+00 
 2.37137371e+08 -9.94943794e-01  2.37137371e+08  9.99999690e-01  2.37137371e+08  7.34473042e-01  2.37137371e+08  7.34473083e-01  2.37137371e+08  6.53206913e-01  2.37137371e+08  1.00000004e+00 
 2.51188643e+08 -9.29344172e-01  2.51188643e+08  9.99999659e-01  2.51188643e+08  7.34360990e-01  2.51188643e+08  7.34361045e-01  2.51188643e+08  6.91578419e-01  2.51188643e+08  1.00000004e+00 
 2.66072506e+08 -8.65335716e-01  2.66072506e+08  9.99999625e-01  2.66072506e+08  7.34254899e-01  2.66072506e+08  7.34254970e-01  2.66072506e+08  7.31955364e-01  2.66072506e+08  1.00000003e+00 
 2.81838293e+08 -8.02432003e-01  2.81838293e+08  9.99999587e-01  2.81838293e+08  7.34153436e-01  2.81838293e+08  7.34153527e-01  2.81838293e+08  7.74418861e-01  2.81838293e+08  1.00000002e+00 
 2.98538262e+08 -7.40182185e-01  2.98538262e+08  9.99999545e-01  2.98538262e+08  7.34055316e-01  2.98538262e+08  7.34055430e-01  2.98538262e+08  8.19047895e-01  2.98538262e+08  1.00000001e+00 
 3.16227766e+08 -6.78174123e-01  3.16227766e+08  9.99999500e-01  3.16227766e+08  7.33959289e-01  3.16227766e+08  7.33959432e-01  3.16227766e+08  8.65918089e-01  3.16227766e+08  9.99999989e-01 
 3.34965439e+08 -6.16037134e-01  3.34965439e+08  9.99999449e-01  3.34965439e+08  7.33864135e-01  3.34965439e+08  7.33864312e-01  3.34965439e+08  9.15100249e-01  3.34965439e+08  9.99999967e-01 
 3.54813389e+08 -5.53444419e-01  3.54813389e+08  9.99999395e-01  3.54813389e+08  7.33768648e-01  3.54813389e+08  7.33768866e-01  3.54813389e+08  9.66658678e-01  3.54813389e+08  9.99999940e-01 
 3.75837404e+08 -4.90115056e-01  3.75837404e+08  9.99999335e-01  3.75837404e+08  7.33671625e-01  3.75837404e+08  7.33671893e-01  3.75837404e+08  1.02064920e+00  3.75837404e+08  9.99999905e-01 
 3.98107171e+08 -4.25815502e-01  3.98107171e+08  9.99999270e-01  3.98107171e+08  7.33571854e-01  3.98107171e+08  7.33572182e-01  3.98107171e+08  1.07711694e+00  3.98107171e+08  9.99999860e-01 
 4.21696503e+08 -3.60360513e-01  4.21696503e+08  9.99999200e-01  4.21696503e+08  7.33468100e-01  4.21696503e+08  7.33468500e-01  4.21696503e+08  1.13609372e+00  4.21696503e+08  9.99999804e-01 
 4.46683592e+08 -2.93613300e-01  4.46683592e+08  9.99999126e-01  4.46683592e+08  7.33359092e-01  4.46683592e+08  7.33359581e-01  4.46683592e+08  1.19759522e+00  4.46683592e+08  9.99999733e-01 
 4.73151259e+08 -2.25484872e-01  4.73151259e+08  9.99999047e-01  4.73151259e+08  7.33243515e-01  4.73151259e+08  7.33244111e-01  4.73151259e+08  1.26161779e+00  4.73151259e+08  9.99999644e-01 
 5.01187234e+08 -1.55932385e-01  5.01187234e+08  9.99998963e-01  5.01187234e+08  7.33119994e-01  5.01187234e+08  7.33120720e-01  5.01187234e+08  1.32813496e+00  5.01187234e+08  9.99999533e-01 
 5.30884444e+08 -8.49564960e-02  5.30884444e+08  9.99998877e-01  5.30884444e+08  7.32987084e-01  5.30884444e+08  7.32987968e-01  5.30884444e+08  1.39709361e+00  5.30884444e+08  9.99999393e-01 
 5.62341325e+08 -1.25976316e-02  5.62341325e+08  9.99998789e-01  5.62341325e+08  7.32843264e-01  5.62341325e+08  7.32844339e-01  5.62341325e+08  1.46841006e+00  5.62341325e+08  9.99999219e-01 
 5.95662144e+08  6.10687742e-02  5.95662144e+08  9.99998701e-01  5.95662144e+08  7.32686921e-01  5.95662144e+08  7.32688228e-01  5.95662144e+08  1.54196581e+00  5.95662144e+08  9.99999003e-01 
 6.30957344e+08  1.35938023e-01  6.30957344e+08  9.99998615e-01  6.30957344e+08  7.32516350e-01  6.30957344e+08  7.32517939e-01  6.30957344e+08  1.61760341e+00  6.30957344e+08  9.99998735e-01 
 6.68343918e+08  2.11882760e-01  6.68343918e+08  9.99998535e-01  6.68343918e+08  7.32329741e-01  6.68343918e+08  7.32331671e-01  6.68343918e+08  1.69512226e+00  6.68343918e+08  9.99998404e-01 
 7.07945784e+08  2.88760292e-01  7.07945784e+08  9.99998466e-01  7.07945784e+08  7.32125179e-01  7.07945784e+08  7.32127523e-01  7.07945784e+08  1.77427478e+00  7.07945784e+08  9.99997995e-01 
 7.49894209e+08  3.66420409e-01  7.49894209e+08  9.99998414e-01  7.49894209e+08  7.31900641e-01  7.49894209e+08  7.31903485e-01  7.49894209e+08  1.85476293e+00  7.49894209e+08  9.99997493e-01 
 7.94328235e+08  4.44713500e-01  7.94328235e+08  9.99998385e-01  7.94328235e+08  7.31653999e-01  7.94328235e+08  7.31657444e-01  7.94328235e+08  1.93623553e+00  7.94328235e+08  9.99996878e-01 
 8.41395142e+08  5.23498707e-01  8.41395142e+08  9.99998390e-01  8.41395142e+08  7.31383021e-01  8.41395142e+08  7.31387191e-01  8.41395142e+08  2.01828645e+00  8.41395142e+08  9.99996128e-01 
 8.91250938e+08  6.02651856e-01  8.91250938e+08  9.99998440e-01  8.91250938e+08  7.31085389e-01  8.91250938e+08  7.31090430e-01  8.91250938e+08  2.10045407e+00  8.91250938e+08  9.99995214e-01 
 9.44060876e+08  6.82072911e-01  9.44060876e+08  9.99998551e-01  9.44060876e+08  7.30758712e-01  9.44060876e+08  7.30764794e-01  9.44060876e+08  2.18222225e+00  9.44060876e+08  9.99994106e-01 
 1.00000000e+09  7.61692683e-01  1.00000000e+09  9.99998739e-01  1.00000000e+09  7.30400545e-01  1.00000000e+09  7.30407871e-01  1.00000000e+09  2.26302303e+00  1.00000000e+09  9.99992768e-01 
 1.05925373e+09  8.41478564e-01  1.05925373e+09  9.99999026e-01  1.05925373e+09  7.30008427e-01  1.05925373e+09  7.30017234e-01  1.05925373e+09  2.34224131e+00  1.05925373e+09  9.99991157e-01 
 1.12201845e+09  9.21439067e-01  1.12201845e+09  9.99999441e-01  1.12201845e+09  7.29579918e-01  1.12201845e+09  7.29590479e-01  1.12201845e+09  2.41922164e+00  1.12201845e+09  9.99989227e-01 
 1.18850223e+09  1.00162701e+00  1.18850223e+09  1.00000001e+00  1.18850223e+09  7.29112642e-01  1.18850223e+09  7.29125277e-01  1.18850223e+09  2.49327715e+00  1.18850223e+09  9.99986921e-01 
 1.25892541e+09  1.08214119e+00  1.25892541e+09  1.00000078e+00  1.25892541e+09  7.28604352e-01  1.25892541e+09  7.28619428e-01  1.25892541e+09  2.56370056e+00  1.25892541e+09  9.99984179e-01 
 1.33352143e+09  1.16312654e+00  1.33352143e+09  1.00000179e+00  1.33352143e+09  7.28052994e-01  1.33352143e+09  7.28070932e-01  1.33352143e+09  2.62977708e+00  1.33352143e+09  9.99980931e-01 
 1.41253754e+09  1.24477265e+00  1.41253754e+09  1.00000310e+00  1.41253754e+09  7.27456780e-01  1.41253754e+09  7.27478060e-01  1.41253754e+09  2.69079883e+00  1.41253754e+09  9.99977100e-01 
 1.49623566e+09  1.32731077e+00  1.49623566e+09  1.00000476e+00  1.49623566e+09  7.26814272e-01  1.49623566e+09  7.26839440e-01  1.49623566e+09  2.74608047e+00  1.49623566e+09  9.99972601e-01 
 1.58489319e+09  1.41100937e+00  1.58489319e+09  1.00000685e+00  1.58489319e+09  7.26124473e-01  1.58489319e+09  7.26154142e-01  1.58489319e+09  2.79497530e+00  1.58489319e+09  9.99967336e-01 
 1.67880402e+09  1.49616832e+00  1.67880402e+09  1.00000946e+00  1.67880402e+09  7.25386907e-01  1.67880402e+09  7.25421768e-01  1.67880402e+09  2.83689140e+00  1.67880402e+09  9.99961203e-01 
 1.77827941e+09  1.58311186e+00  1.77827941e+09  1.00001267e+00  1.77827941e+09  7.24601712e-01  1.77827941e+09  7.24642537e-01  1.77827941e+09  2.87130699e+00  1.77827941e+09  9.99954085e-01 
 1.88364909e+09  1.67218059e+00  1.88364909e+09  1.00001660e+00  1.88364909e+09  7.23769714e-01  1.88364909e+09  7.23817364e-01  1.88364909e+09  2.89778456e+00  1.88364909e+09  9.99945856e-01 
 1.99526231e+09  1.76372256e+00  1.99526231e+09  1.00002136e+00  1.99526231e+09  7.22892494e-01  1.99526231e+09  7.22947921e-01  1.99526231e+09  2.91598294e+00  1.99526231e+09  9.99936381e-01 
 2.11348904e+09  1.85808370e+00  2.11348904e+09  1.00002711e+00  2.11348904e+09  7.21972429e-01  2.11348904e+09  7.22036686e-01  2.11348904e+09  2.92566696e+00  2.11348904e+09  9.99925509e-01 
 2.23872114e+09  1.95559776e+00  2.23872114e+09  1.00003398e+00  2.23872114e+09  7.21012716e-01  2.23872114e+09  7.21086963e-01  2.23872114e+09  2.92671424e+00  2.23872114e+09  9.99913081e-01 
 2.37137371e+09  2.05657591e+00  2.37137371e+09  1.00004216e+00  2.37137371e+09  7.20017360e-01  2.37137371e+09  7.20102870e-01  2.37137371e+09  2.91911873e+00  2.37137371e+09  9.99898922e-01 
 2.51188643e+09  2.16129619e+00  2.51188643e+09  1.00005182e+00  2.51188643e+09  7.18991133e-01  2.51188643e+09  7.19089297e-01  2.51188643e+09  2.90299094e+00  2.51188643e+09  9.99882846e-01 
 2.66072506e+09  2.26999288e+00  2.66072506e+09  1.00006316e+00  2.66072506e+09  7.17939493e-01  2.66072506e+09  7.18051832e-01  2.66072506e+09  2.87855482e+00  2.66072506e+09  9.99864653e-01 
 2.81838293e+09  2.38284606e+00  2.81838293e+09  1.00007641e+00  2.81838293e+09  7.16868477e-01  2.81838293e+09  7.16996645e-01  2.81838293e+09  2.84614145e+00  2.81838293e+09  9.99844131e-01 
 2.98538262e+09  2.49997135e+00  2.98538262e+09  1.00009180e+00  2.98538262e+09  7.15784559e-01  2.98538262e+09  7.15930351e-01  2.98538262e+09  2.80617972e+00  2.98538262e+09  9.99821054e-01 
 3.16227766e+09  2.62140999e+00  3.16227766e+09  1.00010957e+00  3.16227766e+09  7.14694484e-01  3.16227766e+09  7.14859846e-01  3.16227766e+09  2.75918456e+00  3.16227766e+09  9.99795184e-01 
 3.34965439e+09  2.74711942e+00  3.34965439e+09  1.00012997e+00  3.34965439e+09  7.13605089e-01  3.34965439e+09  7.13792124e-01  3.34965439e+09  2.70574309e+00  3.34965439e+09  9.99766273e-01 
 3.54813389e+09  2.87696438e+00  3.54813389e+09  1.00015328e+00  3.54813389e+09  7.12523119e-01  3.54813389e+09  7.12734092e-01  3.54813389e+09  2.64649939e+00  3.54813389e+09  9.99734062e-01 
 3.75837404e+09  3.01070884e+00  3.75837404e+09  1.00017976e+00  3.75837404e+09  7.11455049e-01  3.75837404e+09  7.11692392e-01  3.75837404e+09  2.58213846e+00  3.75837404e+09  9.99698285e-01 
 3.98107171e+09  3.14800875e+00  3.98107171e+09  1.00020969e+00  3.98107171e+09  7.10406914e-01  3.98107171e+09  7.10673231e-01  3.98107171e+09  2.51337007e+00  3.98107171e+09  9.99658673e-01 
 4.21696503e+09  3.28840604e+00  4.21696503e+09  1.00024334e+00  4.21696503e+09  7.09384168e-01  4.21696503e+09  7.09682235e-01  4.21696503e+09  2.44091309e+00  4.21696503e+09  9.99614953e-01 
 4.46683592e+09  3.43132410e+00  4.46683592e+09  1.00028099e+00  4.46683592e+09  7.08391575e-01  4.46683592e+09  7.08724340e-01  4.46683592e+09  2.36548089e+00  4.46683592e+09  9.99566860e-01 
 4.73151259e+09  3.57606523e+00  4.73151259e+09  1.00032287e+00  4.73151259e+09  7.07433126e-01  4.73151259e+09  7.07803703e-01  4.73151259e+09  2.28776821e+00  4.73151259e+09  9.99514132e-01 
 5.01187234e+09  3.72181042e+00  5.01187234e+09  1.00036923e+00  5.01187234e+09  7.06512001e-01  5.01187234e+09  7.06923658e-01  5.01187234e+09  2.20843995e+00  5.01187234e+09  9.99456524e-01 
 5.30884444e+09  3.86762228e+00  5.30884444e+09  1.00042029e+00  5.30884444e+09  7.05630552e-01  5.30884444e+09  7.06086703e-01  5.30884444e+09  2.12812193e+00  5.30884444e+09  9.99393814e-01 
 5.62341325e+09  4.01245144e+00  5.62341325e+09  1.00047622e+00  5.62341325e+09  7.04790328e-01  5.62341325e+09  7.05294513e-01  5.62341325e+09  2.04739383e+00  5.62341325e+09  9.99325803e-01 
 5.95662144e+09  4.15514722e+00  5.95662144e+09  1.00053717e+00  5.95662144e+09  7.03992124e-01  5.95662144e+09  7.04547983e-01  5.95662144e+09  1.96678430e+00  5.95662144e+09  9.99252329e-01 
 6.30957344e+09  4.29447306e+00  6.30957344e+09  1.00060323e+00  6.30957344e+09  7.03236040e-01  6.30957344e+09  7.03847288e-01  6.30957344e+09  1.88676794e+00  6.30957344e+09  9.99173271e-01 
 6.68343918e+09  4.42912691e+00  6.68343918e+09  1.00067444e+00  6.68343918e+09  7.02521566e-01  6.68343918e+09  7.03191957e-01  6.68343918e+09  1.80776418e+00  6.68343918e+09  9.99088557e-01 
 7.07945784e+09  4.55776690e+00  7.07945784e+09  1.00075080e+00  7.07945784e+09  7.01847666e-01  7.07945784e+09  7.02580959e-01  7.07945784e+09  1.73013758e+00  7.07945784e+09  9.98998165e-01 
 7.49894209e+09  4.67904184e+00  7.49894209e+09  1.00083224e+00  7.49894209e+09  7.01212871e-01  7.49894209e+09  7.02012789e-01  7.49894209e+09  1.65419953e+00  7.49894209e+09  9.98902132e-01 
 7.94328235e+09  4.79162596e+00  7.94328235e+09  1.00091861e+00  7.94328235e+09  7.00615360e-01  7.94328235e+09  7.01485549e-01  7.94328235e+09  1.58021081e+00  7.94328235e+09  9.98800552e-01 
 8.41395142e+09  4.89425681e+00  8.41395142e+09  1.00100973e+00  8.41395142e+09  7.00053043e-01  8.41395142e+09  7.00997034e-01  8.41395142e+09  1.50838500e+00  8.41395142e+09  9.98693571e-01 
 8.91250938e+09  4.98577466e+00  8.91250938e+09  1.00110535e+00  8.91250938e+09  6.99523630e-01  8.91250938e+09  7.00544801e-01  8.91250938e+09  1.43889222e+00  8.91250938e+09  9.98581390e-01 
 9.44060876e+09  5.06516154e+00  9.44060876e+09  1.00120517e+00  9.44060876e+09  6.99024693e-01  9.44060876e+09  7.00126236e-01  9.44060876e+09  1.37186331e+00  9.44060876e+09  9.98464250e-01 
 1.00000000e+10  5.13157775e+00  1.00000000e+10  1.00130885e+00  1.00000000e+10  6.98553708e-01  1.00000000e+10  6.99738609e-01  1.00000000e+10  1.30739401e+00  1.00000000e+10  9.98342422e-01 
 1.05925373e+10  5.18439343e+00  1.05925373e+10  1.00141605e+00  1.05925373e+10  6.98108094e-01  1.05925373e+10  6.99379118e-01  1.05925373e+10  1.24554916e+00  1.05925373e+10  9.98216191e-01 
 1.12201845e+10  5.22321334e+00  1.12201845e+10  1.00152641e+00  1.12201845e+10  6.97685237e-01  1.12201845e+10  6.99044927e-01  1.12201845e+10  1.18636669e+00  1.12201845e+10  9.98085838e-01 
 1.18850223e+10  5.24789279e+00  1.18850223e+10  1.00163960e+00  1.18850223e+10  6.97282499e-01  1.18850223e+10  6.98733190e-01  1.18850223e+10  1.12986146e+00  1.18850223e+10  9.97951618e-01 
 1.25892541e+10  5.25854378e+00  1.25892541e+10  1.00175531e+00  1.25892541e+10  6.96897223e-01  1.25892541e+10  6.98441072e-01  1.25892541e+10  1.07602882e+00  1.25892541e+10  9.97813738e-01 
 1.33352143e+10  5.25553067e+00  1.33352143e+10  1.00187332e+00  1.33352143e+10  6.96526731e-01  1.33352143e+10  6.98165758e-01  1.33352143e+10  1.02484783e+00  1.33352143e+10  9.97672332e-01 
 1.41253754e+10  5.23945572e+00  1.41253754e+10  1.00199348e+00  1.41253754e+10  6.96168304e-01  1.41253754e+10  6.97904455e-01  1.41253754e+10  9.76284205e-01  1.41253754e+10  9.97527437e-01 
 1.49623566e+10  5.21113541e+00  1.49623566e+10  1.00211576e+00  1.49623566e+10  6.95819176e-01  1.49623566e+10  6.97654396e-01  1.49623566e+10  9.30292919e-01  1.49623566e+10  9.97378971e-01 
 1.58489319e+10  5.17156922e+00  1.58489319e+10  1.00224023e+00  1.58489319e+10  6.95476503e-01  1.58489319e+10  6.97412824e-01  1.58489319e+10  8.86820541e-01  1.58489319e+10  9.97226713e-01 
 1.67880402e+10  5.12190281e+00  1.67880402e+10  1.00236715e+00  1.67880402e+10  6.95137344e-01  1.67880402e+10  6.97176988e-01  1.67880402e+10  8.45807238e-01  1.67880402e+10  9.97070277e-01 
 1.77827941e+10  5.06338804e+00  1.77827941e+10  1.00249690e+00  1.77827941e+10  6.94798634e-01  1.77827941e+10  6.96944121e-01  1.77827941e+10  8.07188529e-01  1.77827941e+10  9.96909102e-01 
 1.88364909e+10  4.99734184e+00  1.88364909e+10  1.00263006e+00  1.88364909e+10  6.94457152e-01  1.88364909e+10  6.96711424e-01  1.88364909e+10  7.70896780e-01  1.88364909e+10  9.96742429e-01 
 1.99526231e+10  4.92510646e+00  1.99526231e+10  1.00276739e+00  1.99526231e+10  6.94109492e-01  1.99526231e+10  6.96476037e-01  1.99526231e+10  7.36862478e-01  1.99526231e+10  9.96569287e-01 
 2.11348904e+10  4.84801245e+00  2.11348904e+10  1.00290986e+00  2.11348904e+10  6.93752028e-01  2.11348904e+10  6.96235020e-01  2.11348904e+10  7.05015293e-01  2.11348904e+10  9.96388482e-01 
 2.23872114e+10  4.76734616e+00  2.23872114e+10  1.00305865e+00  2.23872114e+10  6.93380878e-01  2.23872114e+10  6.95985316e-01  2.23872114e+10  6.75284952e-01  2.23872114e+10  9.96198575e-01 
 2.37137371e+10  4.68432245e+00  2.37137371e+10  1.00321516e+00  2.37137371e+10  6.92991865e-01  2.37137371e+10  6.95723720e-01  2.37137371e+10  6.47601962e-01  2.37137371e+10  9.95997873e-01 
 2.51188643e+10  4.60006321e+00  2.51188643e+10  1.00338103e+00  2.51188643e+10  6.92580470e-01  2.51188643e+10  6.95446845e-01  2.51188643e+10  6.21898173e-01  2.51188643e+10  9.95784405e-01 
 2.66072506e+10  4.51558191e+00  2.66072506e+10  1.00355815e+00  2.66072506e+10  6.92141788e-01  2.66072506e+10  6.95151075e-01  2.66072506e+10  5.98107221e-01  2.66072506e+10  9.95555903e-01 
 2.81838293e+10  4.43177389e+00  2.81838293e+10  1.00374871e+00  2.81838293e+10  6.91670471e-01  2.81838293e+10  6.94832526e-01  2.81838293e+10  5.76164854e-01  2.81838293e+10  9.95309778e-01 
 2.98538262e+10  4.34941213e+00  2.98538262e+10  1.00395519e+00  2.98538262e+10  6.91160670e-01  2.98538262e+10  6.94486997e-01  2.98538262e+10  5.56009158e-01  2.98538262e+10  9.95043084e-01 
