 1.00000000e+07  1.32331051e+01  1.00000000e+07  1.00000000e+00  1.00000000e+07  8.16615663e-01  1.00000000e+07  8.16615663e-01  1.00000000e+07  9.69786701e-03  1.00000000e+07  1.00000000e+00 
 1.05925373e+07  1.29078082e+01  1.05925373e+07  1.00000000e+00  1.05925373e+07  8.12381528e-01  1.05925373e+07  8.12381529e-01  1.05925373e+07  1.09005161e-02  1.05925373e+07  9.99999999e-01 
 1.12201845e+07  1.25356423e+01  1.12201845e+07  1.00000000e+00  1.12201845e+07  8.08171926e-01  1.12201845e+07  8.08171927e-01  1.12201845e+07  1.22409273e-02  1.12201845e+07  9.99999999e-01 
 1.18850223e+07  1.21125235e+01  1.18850223e+07  1.00000000e+00  1.18850223e+07  8.03985692e-01  1.18850223e+07  8.03985693e-01  1.18850223e+07  1.37332295e-02  1.18850223e+07  9.99999999e-01 
 1.25892541e+07  1.16348356e+01  1.25892541e+07  1.00000000e+00  1.25892541e+07  7.99823844e-01  1.25892541e+07  7.99823845e-01  1.25892541e+07  1.53926469e-02  1.25892541e+07  9.99999999e-01 
 1.33352143e+07  1.10998903e+01  1.33352143e+07  1.00000000e+00  1.33352143e+07  7.95689579e-01  1.33352143e+07  7.95689580e-01  1.33352143e+07  1.72355030e-02  1.33352143e+07  9.99999999e-01 
 1.41253754e+07  1.05062956e+01  1.41253754e+07  1.00000000e+00  1.41253754e+07  7.91588172e-01  1.41253754e+07  7.91588173e-01  1.41253754e+07  1.92792075e-02  1.41253754e+07  9.99999999e-01 
 1.49623566e+07  9.85442844e+00  1.49623566e+07  1.00000000e+00  1.49623566e+07  7.87526796e-01  1.49623566e+07  7.87526797e-01  1.49623566e+07  2.15422222e-02  1.49623566e+07  9.99999999e-01 
 1.58489319e+07  9.14684218e+00  1.58489319e+07  1.00000000e+00  1.58489319e+07  7.83514268e-01  1.58489319e+07  7.83514270e-01  1.58489319e+07  2.40440030e-02  1.58489319e+07  9.99999998e-01 
 1.67880402e+07  8.38866119e+00  1.67880402e+07  1.00000000e+00  1.67880402e+07  7.79560729e-01  1.67880402e+07  7.79560730e-01  1.67880402e+07  2.68049186e-02  1.67880402e+07  9.99999998e-01 
 1.77827941e+07  7.58777407e+00  1.77827941e+07  1.00000000e+00  1.77827941e+07  7.75677284e-01  1.77827941e+07  7.75677285e-01  1.77827941e+07  2.98461429e-02  1.77827941e+07  9.99999998e-01 
 1.88364909e+07  6.75482337e+00  1.88364909e+07  1.00000000e+00  1.88364909e+07  7.71875613e-01  1.88364909e+07  7.71875615e-01  1.88364909e+07  3.31895240e-02  1.88364909e+07  9.99999998e-01 
 1.99526231e+07  5.90290321e+00  1.99526231e+07  1.00000000e+00  1.99526231e+07  7.68167572e-01  1.99526231e+07  7.68167574e-01  1.99526231e+07  3.68574308e-02  1.99526231e+07  9.99999997e-01 
 2.11348904e+07  5.04692004e+00  2.11348904e+07  1.00000000e+00  2.11348904e+07  7.64564795e-01  2.11348904e+07  7.64564797e-01  2.11348904e+07  4.08725838e-02  2.11348904e+07  9.99999997e-01 
 2.23872114e+07  4.20270565e+00  2.23872114e+07  1.00000000e+00  2.23872114e+07  7.61078327e-01  2.23872114e+07  7.61078329e-01  2.23872114e+07  4.52578747e-02  2.23872114e+07  9.99999997e-01 
 2.37137371e+07  3.38594393e+00  2.37137371e+07  1.00000000e+00  2.37137371e+07  7.57718292e-01  2.37137371e+07  7.57718294e-01  2.37137371e+07  5.00361847e-02  2.37137371e+07  9.99999997e-01 
 2.51188643e+07  2.61108920e+00  2.51188643e+07  1.00000000e+00  2.51188643e+07  7.54493613e-01  2.51188643e+07  7.54493616e-01  2.51188643e+07  5.52302131e-02  2.51188643e+07  9.99999997e-01 
 2.66072506e+07  1.89042094e+00  2.66072506e+07  1.00000000e+00  2.66072506e+07  7.51411794e-01  2.66072506e+07  7.51411796e-01  2.66072506e+07  6.08623256e-02  2.66072506e+07  9.99999997e-01 
 2.81838293e+07  1.23337152e+00  2.81838293e+07  1.00000000e+00  2.81838293e+07  7.48478761e-01  2.81838293e+07  7.48478763e-01  2.81838293e+07  6.69544365e-02  2.81838293e+07  9.99999997e-01 
 2.98538262e+07  6.46181923e-01  2.98538262e+07  9.99999999e-01  2.98538262e+07  7.45698782e-01  2.98538262e+07  7.45698784e-01  2.98538262e+07  7.35279363e-02  2.98538262e+07  9.99999998e-01 
 3.16227766e+07  1.31900825e-01  3.16227766e+07  9.99999998e-01  3.16227766e+07  7.43074438e-01  3.16227766e+07  7.43074440e-01  3.16227766e+07  8.06036725e-02  3.16227766e+07  9.99999999e-01 
 3.34965439e+07 -3.09343102e-01  3.34965439e+07  9.99999997e-01  3.34965439e+07  7.40606665e-01  3.34965439e+07  7.40606667e-01  3.34965439e+07  8.82019941e-02  3.34965439e+07  9.99999999e-01 
 3.54813389e+07 -6.79877836e-01  3.54813389e+07  9.99999995e-01  3.54813389e+07  7.38294837e-01  3.54813389e+07  7.38294837e-01  3.54813389e+07  9.63428595e-02  3.54813389e+07  1.00000000e+00 
 3.75837404e+07 -9.83926724e-01  3.75837404e+07  9.99999992e-01  3.75837404e+07  7.36136890e-01  3.75837404e+07  7.36136891e-01  3.75837404e+07  1.05046010e-01  3.75837404e+07  1.00000000e+00 
 3.98107171e+07 -1.22703357e+00  3.98107171e+07  9.99999990e-01  3.98107171e+07  7.34129488e-01  3.98107171e+07  7.34129488e-01  3.98107171e+07  1.14331204e-01  3.98107171e+07  1.00000000e+00 
 4.21696503e+07 -1.41553129e+00  4.21696503e+07  9.99999987e-01  4.21696503e+07  7.32268188e-01  4.21696503e+07  7.32268186e-01  4.21696503e+07  1.24218497e-01  4.21696503e+07  1.00000000e+00 
 4.46683592e+07 -1.55608803e+00  4.46683592e+07  9.99999983e-01  4.46683592e+07  7.30547630e-01  4.46683592e+07  7.30547628e-01  4.46683592e+07  1.34728570e-01  4.46683592e+07  1.00000001e+00 
 4.73151259e+07 -1.65534868e+00  4.73151259e+07  9.99999979e-01  4.73151259e+07  7.28961724e-01  4.73151259e+07  7.28961722e-01  4.73151259e+07  1.45883075e-01  4.73151259e+07  1.00000001e+00 
 5.01187234e+07 -1.71966898e+00  5.01187234e+07  9.99999974e-01  5.01187234e+07  7.27503827e-01  5.01187234e+07  7.27503823e-01  5.01187234e+07  1.57704997e-01  5.01187234e+07  1.00000001e+00 
 5.30884444e+07 -1.75493469e+00  5.30884444e+07  9.99999969e-01  5.30884444e+07  7.26166908e-01  5.30884444e+07  7.26166904e-01  5.30884444e+07  1.70219013e-01  5.30884444e+07  1.00000001e+00 
 5.62341325e+07 -1.76645215e+00  5.62341325e+07  9.99999963e-01  5.62341325e+07  7.24943706e-01  5.62341325e+07  7.24943701e-01  5.62341325e+07  1.83451837e-01  5.62341325e+07  1.00000002e+00 
 5.95662144e+07 -1.75889604e+00  5.95662144e+07  9.99999956e-01  5.95662144e+07  7.23826859e-01  5.95662144e+07  7.23826854e-01  5.95662144e+07  1.97432540e-01  5.95662144e+07  1.00000002e+00 
 6.30957344e+07 -1.73629973e+00  6.30957344e+07  9.99999949e-01  6.30957344e+07  7.22809023e-01  6.30957344e+07  7.22809017e-01  6.30957344e+07  2.12192844e-01  6.30957344e+07  1.00000002e+00 
 6.68343918e+07 -1.70207595e+00  6.68343918e+07  9.99999941e-01  6.68343918e+07  7.21882964e-01  6.68343918e+07  7.21882958e-01  6.68343918e+07  2.27767379e-01  6.68343918e+07  1.00000002e+00 
 7.07945784e+07 -1.65905779e+00  7.07945784e+07  9.99999932e-01  7.07945784e+07  7.21041640e-01  7.07945784e+07  7.21041634e-01  7.07945784e+07  2.44193904e-01  7.07945784e+07  1.00000002e+00 
 7.49894209e+07 -1.60955155e+00  7.49894209e+07  9.99999922e-01  7.49894209e+07  7.20278258e-01  7.49894209e+07  7.20278252e-01  7.49894209e+07  2.61513490e-01  7.49894209e+07  1.00000003e+00 
 7.94328235e+07 -1.55539543e+00  7.94328235e+07  9.99999911e-01  7.94328235e+07  7.19586321e-01  7.94328235e+07  7.19586316e-01  7.94328235e+07  2.79770679e-01  7.94328235e+07  1.00000003e+00 
 8.41395142e+07 -1.49801969e+00  8.41395142e+07  9.99999899e-01  8.41395142e+07  7.18959658e-01  8.41395142e+07  7.18959654e-01  8.41395142e+07  2.99013602e-01  8.41395142e+07  1.00000003e+00 
 8.91250938e+07 -1.43850472e+00  8.91250938e+07  9.99999886e-01  8.91250938e+07  7.18392443e-01  8.91250938e+07  7.18392441e-01  8.91250938e+07  3.19294078e-01  8.91250938e+07  1.00000003e+00 
 9.44060876e+07 -1.37763594e+00  9.44060876e+07  9.99999871e-01  9.44060876e+07  7.17879208e-01  9.44060876e+07  7.17879208e-01  9.44060876e+07  3.40667683e-01  9.44060876e+07  1.00000004e+00 
 1.00000000e+08 -1.31595336e+00  1.00000000e+08  9.99999855e-01  1.00000000e+08  7.17414838e-01  1.00000000e+08  7.17414842e-01  1.00000000e+08  3.63193806e-01  1.00000000e+08  1.00000004e+00 
 1.05925373e+08 -1.25379628e+00  1.05925373e+08  9.99999837e-01  1.05925373e+08  7.16994570e-01  1.05925373e+08  7.16994577e-01  1.05925373e+08  3.86935678e-01  1.05925373e+08  1.00000004e+00 
 1.12201845e+08 -1.19134225e+00  1.12201845e+08  9.99999818e-01  1.12201845e+08  7.16613978e-01  1.12201845e+08  7.16613990e-01  1.12201845e+08  4.11960389e-01  1.12201845e+08  1.00000004e+00 
 1.18850223e+08 -1.12864122e+00  1.18850223e+08  9.99999796e-01  1.18850223e+08  7.16268959e-01  1.18850223e+08  7.16268978e-01  1.18850223e+08  4.38338885e-01  1.18850223e+08  1.00000004e+00 
 1.25892541e+08 -1.06564473e+00  1.25892541e+08  9.99999773e-01  1.25892541e+08  7.15955714e-01  1.25892541e+08  7.15955740e-01  1.25892541e+08  4.66145941e-01  1.25892541e+08  1.00000004e+00 
 1.33352143e+08 -1.00223094e+00  1.33352143e+08  9.99999747e-01  1.33352143e+08  7.15670724e-01  1.33352143e+08  7.15670759e-01  1.33352143e+08  4.95460116e-01  1.33352143e+08  1.00000004e+00 
 1.41253754e+08 -9.38225891e-01  1.41253754e+08  9.99999718e-01  1.41253754e+08  7.15410728e-01  1.41253754e+08  7.15410775e-01  1.41253754e+08  5.26363673e-01  1.41253754e+08  1.00000003e+00 
 1.49623566e+08 -8.73421481e-01  1.49623566e+08  9.99999686e-01  1.49623566e+08  7.15172700e-01  1.49623566e+08  7.15172761e-01  1.49623566e+08  5.58942473e-01  1.49623566e+08  1.00000003e+00 
 1.58489319e+08 -8.07590600e-01  1.58489319e+08  9.99999652e-01  1.58489319e+08  7.14953824e-01  1.58489319e+08  7.14953902e-01  1.58489319e+08  5.93285817e-01  1.58489319e+08  1.00000002e+00 
 1.67880402e+08 -7.40499805e-01  1.67880402e+08  9.99999614e-01  1.67880402e+08  7.14751470e-01  1.67880402e+08  7.14751569e-01  1.67880402e+08  6.29486242e-01  1.67880402e+08  1.00000001e+00 
 1.77827941e+08 -6.71919811e-01  1.77827941e+08  9.99999573e-01  1.77827941e+08  7.14563175e-01  1.77827941e+08  7.14563299e-01  1.77827941e+08  6.67639251e-01  1.77827941e+08  9.99999996e-01 
 1.88364909e+08 -6.01634035e-01  1.88364909e+08  9.99999528e-01  1.88364909e+08  7.14386617e-01  1.88364909e+08  7.14386772e-01  1.88364909e+08  7.07842964e-01  1.88364909e+08  9.99999976e-01 
 1.99526231e+08 -5.29445413e-01  1.99526231e+08  9.99999480e-01  1.99526231e+08  7.14219599e-01  1.99526231e+08  7.14219792e-01  1.99526231e+08  7.50197677e-01  1.99526231e+08  9.99999950e-01 
 2.11348904e+08 -4.55181574e-01  2.11348904e+08  9.99999428e-01  2.11348904e+08  7.14060028e-01  2.11348904e+08  7.14060268e-01  2.11348904e+08  7.94805310e-01  2.11348904e+08  9.99999917e-01 
 2.23872114e+08 -3.78698572e-01  2.23872114e+08  9.99999374e-01  2.23872114e+08  7.13905894e-01  2.23872114e+08  7.13906190e-01  2.23872114e+08  8.41768718e-01  2.23872114e+08  9.99999873e-01 
 2.37137371e+08 -2.99883193e-01  2.37137371e+08  9.99999316e-01  2.37137371e+08  7.13755249e-01  2.37137371e+08  7.13755616e-01  2.37137371e+08  8.91190848e-01  2.37137371e+08  9.99999816e-01 
 2.51188643e+08 -2.18654049e-01  2.51188643e+08  9.99999257e-01  2.51188643e+08  7.13606192e-01  2.51188643e+08  7.13606645e-01  2.51188643e+08  9.43173718e-01  2.51188643e+08  9.99999742e-01 
 2.66072506e+08 -1.34961549e-01  2.66072506e+08  9.99999196e-01  2.66072506e+08  7.13456845e-01  2.66072506e+08  7.13457405e-01  2.66072506e+08  9.97817173e-01  2.66072506e+08  9.99999648e-01 
 2.81838293e+08 -4.87868949e-02  2.81838293e+08  9.99999136e-01  2.81838293e+08  7.13305338e-01  2.81838293e+08  7.13306029e-01  2.81838293e+08  1.05521741e+00  2.81838293e+08  9.99999527e-01 
 2.98538262e+08  3.98596806e-02  2.98538262e+08  9.99999080e-01  2.98538262e+08  7.13149786e-01  2.98538262e+08  7.13150638e-01  2.98538262e+08  1.11546523e+00  2.98538262e+08  9.99999374e-01 
 3.16227766e+08  1.30941294e-01  3.16227766e+08  9.99999029e-01  3.16227766e+08  7.12988272e-01  3.16227766e+08  7.12989322e-01  3.16227766e+08  1.17864395e+00  3.16227766e+08  9.99999179e-01 
 3.34965439e+08  2.24397218e-01  3.34965439e+08  9.99998988e-01  3.34965439e+08  7.12818829e-01  3.34965439e+08  7.12820125e-01  3.34965439e+08  1.24482702e+00  3.34965439e+08  9.99998932e-01 
 3.54813389e+08  3.20145939e-01  3.54813389e+08  9.99998963e-01  3.54813389e+08  7.12639422e-01  3.54813389e+08  7.12641021e-01  3.54813389e+08  1.31407523e+00  3.54813389e+08  9.99998620e-01 
 3.75837404e+08  4.18088369e-01  3.75837404e+08  9.99998961e-01  3.75837404e+08  7.12447932e-01  3.75837404e+08  7.12449906e-01  3.75837404e+08  1.38643349e+00  3.75837404e+08  9.99998227e-01 
 3.98107171e+08  5.18111103e-01  3.98107171e+08  9.99998992e-01  3.98107171e+08  7.12242141e-01  3.98107171e+08  7.12244577e-01  3.98107171e+08  1.46192721e+00  3.98107171e+08  9.99997731e-01 
 4.21696503e+08  6.20089687e-01  4.21696503e+08  9.99999068e-01  4.21696503e+08  7.12019713e-01  4.21696503e+08  7.12022719e-01  4.21696503e+08  1.54055820e+00  4.21696503e+08  9.99997109e-01 
 4.46683592e+08  7.23891916e-01  4.46683592e+08  9.99999204e-01  4.46683592e+08  7.11778187e-01  4.46683592e+08  7.11781897e-01  4.46683592e+08  1.62230013e+00  4.46683592e+08  9.99996330e-01 
 4.73151259e+08  8.29381211e-01  4.73151259e+08  9.99999422e-01  4.73151259e+08  7.11514962e-01  4.73151259e+08  7.11519541e-01  4.73151259e+08  1.70709356e+00  4.73151259e+08  9.99995355e-01 
 5.01187234e+08  9.36420148e-01  5.01187234e+08  9.99999747e-01  5.01187234e+08  7.11227292e-01  5.01187234e+08  7.11232941e-01  5.01187234e+08  1.79484051e+00  5.01187234e+08  9.99994139e-01 
 5.30884444e+08  1.04487424e+00  5.30884444e+08  1.00000021e+00  5.30884444e+08  7.10912279e-01  5.30884444e+08  7.10919245e-01  5.30884444e+08  1.88539877e+00  5.30884444e+08  9.99992624e-01 
 5.62341325e+08  1.15461608e+00  5.62341325e+08  1.00000085e+00  5.62341325e+08  7.10566875e-01  5.62341325e+08  7.10575459e-01  5.62341325e+08  1.97857597e+00  5.62341325e+08  9.99990742e-01 
 5.95662144e+08  1.26552983e+00  5.95662144e+08  1.00000173e+00  5.95662144e+08  7.10187884e-01  5.95662144e+08  7.10198454e-01  5.95662144e+08  2.07412353e+00  5.95662144e+08  9.99988409e-01 
 6.30957344e+08  1.37751617e+00  6.30957344e+08  1.00000290e+00  6.30957344e+08  7.09771978e-01  6.30957344e+08  7.09784980e-01  6.30957344e+08  2.17173085e+00  6.30957344e+08  9.99985525e-01 
 6.68343918e+08  1.49049763e+00  6.68343918e+08  1.00000444e+00  6.68343918e+08  7.09315714e-01  6.68343918e+08  7.09331689e-01  6.68343918e+08  2.27101983e+00  6.68343918e+08  9.99981968e-01 
 7.07945784e+08  1.60442405e+00  7.07945784e+08  1.00000644e+00  7.07945784e+08  7.08815560e-01  7.07945784e+08  7.08835162e-01  7.07945784e+08  2.37154018e+00  7.07945784e+08  9.99977594e-01 
 7.49894209e+08  1.71927820e+00  7.49894209e+08  1.00000904e+00  7.49894209e+08  7.08267941e-01  7.49894209e+08  7.08291956e-01  7.49894209e+08  2.47276583e+00  7.49894209e+08  9.99972229e-01 
 7.94328235e+08  1.83508115e+00  7.94328235e+08  1.00001235e+00  7.94328235e+08  7.07669282e-01  7.94328235e+08  7.07698650e-01  7.94328235e+08  2.57409294e+00  7.94328235e+08  9.99965669e-01 
 8.41395142e+08  1.95189707e+00  8.41395142e+08  1.00001656e+00  8.41395142e+08  7.07016074e-01  8.41395142e+08  7.07051918e-01  8.41395142e+08  2.67483986e+00  8.41395142e+08  9.99957675e-01 
 8.91250938e+08  2.06983722e+00  8.91250938e+08  1.00002187e+00  8.91250938e+08  7.06304951e-01  8.91250938e+08  7.06348602e-01  8.91250938e+08  2.77424972e+00  8.91250938e+08  9.99947965e-01 
 9.44060876e+08  2.18906271e+00  9.44060876e+08  1.00002852e+00  9.44060876e+08  7.05532775e-01  9.44060876e+08  7.05585807e-01  9.44060876e+08  2.87149582e+00  9.44060876e+08  9.99936214e-01 
 1.00000000e+09  2.30978566e+00  1.00000000e+09  1.00003681e+00  1.00000000e+09  7.04696742e-01  1.00000000e+09  7.04761004e-01  1.00000000e+09  2.96569053e+00  1.00000000e+09  9.99922043e-01 
 1.05925373e+09  2.43226870e+00  1.05925373e+09  1.00004706e+00  1.05925373e+09  7.03794492e-01  1.05925373e+09  7.03872144e-01  1.05925373e+09  3.05589758e+00  1.05925373e+09  9.99905023e-01 
 1.12201845e+09  2.55682226e+00  1.12201845e+09  1.00005968e+00  1.12201845e+09  7.02824227e-01  1.12201845e+09  7.02917779e-01  1.12201845e+09  3.14114818e+00  1.12201845e+09  9.99884661e-01 
 1.18850223e+09  2.68379994e+00  1.18850223e+09  1.00007511e+00  1.18850223e+09  7.01784835e-01  1.18850223e+09  7.01897189e-01  1.18850223e+09  3.22046056e+00  1.18850223e+09  9.99860404e-01 
 1.25892541e+09  2.81359149e+00  1.25892541e+09  1.00009390e+00  1.25892541e+09  7.00676010e-01  1.25892541e+09  7.00810498e-01  1.25892541e+09  3.29286263e+00  1.25892541e+09  9.99831630e-01 
 1.33352143e+09  2.94661388e+00  1.33352143e+09  1.00011663e+00  1.33352143e+09  6.99498366e-01  1.33352143e+09  6.99658793e-01  1.33352143e+09  3.35741715e+00  1.33352143e+09  9.99797648e-01 
 1.41253754e+09  3.08330018e+00  1.41253754e+09  1.00014398e+00  1.41253754e+09  6.98253529e-01  1.41253754e+09  6.98444212e-01  1.41253754e+09  3.41324823e+00  1.41253754e+09  9.99757696e-01 
 1.49623566e+09  3.22408681e+00  1.49623566e+09  1.00017672e+00  1.49623566e+09  6.96944207e-01  1.49623566e+09  6.97170020e-01  1.49623566e+09  3.45956814e+00  1.49623566e+09  9.99710939e-01 
 1.58489319e+09  3.36939908e+00  1.58489319e+09  1.00021567e+00  1.58489319e+09  6.95574228e-01  1.58489319e+09  6.95840638e-01  1.58489319e+09  3.49570308e+00  1.58489319e+09  9.99656467e-01 
 1.67880402e+09  3.51963551e+00  1.67880402e+09  1.00026178e+00  1.67880402e+09  6.94148537e-01  1.67880402e+09  6.94461641e-01  1.67880402e+09  3.52111625e+00  1.67880402e+09  9.99593301e-01 
 1.77827941e+09  3.67515116e+00  1.77827941e+09  1.00031606e+00  1.77827941e+09  6.92673147e-01  1.77827941e+09  6.93039710e-01  1.77827941e+09  3.53542709e+00  1.77827941e+09  9.99520391e-01 
 1.88364909e+09  3.83624016e+00  1.88364909e+09  1.00037959e+00  1.88364909e+09  6.91155040e-01  1.88364909e+09  6.91582524e-01  1.88364909e+09  3.53842534e+00  1.88364909e+09  9.99436622e-01 
 1.99526231e+09  4.00311795e+00  1.99526231e+09  1.00045354e+00  1.99526231e+09  6.89602025e-01  1.99526231e+09  6.90098624e-01  1.99526231e+09  3.53007898e+00  1.99526231e+09  9.99340815e-01 
 2.11348904e+09  4.17590325e+00  2.11348904e+09  1.00053917e+00  2.11348904e+09  6.88022550e-01  2.11348904e+09  6.88597211e-01  2.11348904e+09  3.51053565e+00  2.11348904e+09  9.99231740e-01 
 2.23872114e+09  4.35460031e+00  2.23872114e+09  1.00063777e+00  2.23872114e+09  6.86425483e-01  2.23872114e+09  6.87087929e-01  2.23872114e+09  3.48011730e+00  2.23872114e+09  9.99108116e-01 
 2.37137371e+09  4.53908154e+00  2.37137371e+09  1.00075067e+00  2.37137371e+09  6.84819864e-01  2.37137371e+09  6.85580611e-01  2.37137371e+09  3.43930855e+00  2.37137371e+09  9.98968630e-01 
 2.51188643e+09  4.72907090e+00  2.51188643e+09  1.00087927e+00  2.51188643e+09  6.83214650e-01  2.51188643e+09  6.84085019e-01  2.51188643e+09  3.38873943e+00  2.51188643e+09  9.98811943e-01 
 2.66072506e+09  4.92412846e+00  2.66072506e+09  1.00102496e+00  2.66072506e+09  6.81618470e-01  2.66072506e+09  6.82610585e-01  2.66072506e+09  3.32916377e+00  2.66072506e+09  9.98636710e-01 
 2.81838293e+09  5.12363644e+00  2.81838293e+09  1.00118910e+00  2.81838293e+09  6.80039394e-01  2.81838293e+09  6.81166172e-01  2.81838293e+09  3.26143438e+00  2.81838293e+09  9.98441597e-01 
 2.98538262e+09  5.32678738e+00  2.98538262e+09  1.00137305e+00  2.98538262e+09  6.78484733e-01  2.98538262e+09  6.79759862e-01  2.98538262e+09  3.18647654e+00  2.98538262e+09  9.98225308e-01 
 3.16227766e+09  5.53257500e+00  3.16227766e+09  1.00157809e+00  3.16227766e+09  6.76960885e-01  3.16227766e+09  6.78398787e-01  3.16227766e+09  3.10526127e+00  3.16227766e+09  9.97986605e-01 
 3.34965439e+09  5.73978853e+00  3.34965439e+09  1.00180541e+00  3.34965439e+09  6.75473231e-01  3.34965439e+09  6.77089000e-01  3.34965439e+09  3.01877954e+00  3.34965439e+09  9.97724348e-01 
 3.54813389e+09  5.94701147e+00  3.54813389e+09  1.00205603e+00  3.54813389e+09  6.74026078e-01  3.54813389e+09  6.75835400e-01  3.54813389e+09  2.92801855e+00  3.54813389e+09  9.97437522e-01 
 3.75837404e+09  6.15262570e+00  3.75837404e+09  1.00233085e+00  3.75837404e+09  6.72622653e-01  3.75837404e+09  6.74641703e-01  3.75837404e+09  2.83394093e+00  3.75837404e+09  9.97125282e-01 
 3.98107171e+09  6.35482205e+00  3.98107171e+09  1.00263050e+00  3.98107171e+09  6.71265145e-01  3.98107171e+09  6.73510453e-01  3.98107171e+09  2.73746720e+00  3.98107171e+09  9.96786991e-01 
 4.21696503e+09  6.55161826e+00  4.21696503e+09  1.00295538e+00  4.21696503e+09  6.69954782e-01  4.21696503e+09  6.72443071e-01  4.21696503e+09  2.63946195e+00  4.21696503e+09  9.96422262e-01 
 4.46683592e+09  6.74088533e+00  4.46683592e+09  1.00330557e+00  4.46683592e+09  6.68691942e-01  4.46683592e+09  6.71439939e-01  4.46683592e+09  2.54072360e+00  4.46683592e+09  9.96031001e-01 
 4.73151259e+09  6.92038250e+00  4.73151259e+09  1.00368080e+00  4.73151259e+09  6.67476274e-01  4.73151259e+09  6.70500500e-01  4.73151259e+09  2.44197760e+00  4.73151259e+09  9.95613444e-01 
 5.01187234e+09  7.08780136e+00  5.01187234e+09  1.00408045e+00  5.01187234e+09  6.66306842e-01  5.01187234e+09  6.69623370e-01  5.01187234e+09  2.34387271e+00  5.01187234e+09  9.95170187e-01 
 5.30884444e+09  7.24081822e+00  5.30884444e+09  1.00450345e+00  5.30884444e+09  6.65182256e-01  5.30884444e+09  6.68806461e-01  5.30884444e+09  2.24697997e+00  5.30884444e+09  9.94702212e-01 
 5.62341325e+09  7.37715386e+00  5.62341325e+09  1.00494835e+00  5.62341325e+09  6.64100803e-01  5.62341325e+09  6.68047097e-01  5.62341325e+09  2.15179390e+00  5.62341325e+09  9.94210897e-01 
 5.95662144e+09  7.49463839e+00  5.95662144e+09  1.00541328e+00  5.95662144e+09  6.63060558e-01  5.95662144e+09  6.67342133e-01  5.95662144e+09  2.05873536e+00  5.95662144e+09  9.93698010e-01 
 6.30957344e+09  7.59127892e+00  6.30957344e+09  1.00589594e+00  6.30957344e+09  6.62059480e-01  6.30957344e+09  6.66688053e-01  6.30957344e+09  1.96815577e+00  6.30957344e+09  9.93165689e-01 
 6.68343918e+09  7.66532634e+00  6.68343918e+09  1.00639371e+00  6.68343918e+09  6.61095477e-01  6.68343918e+09  6.66081069e-01  6.68343918e+09  1.88034223e+00  6.68343918e+09  9.92616406e-01 
 7.07945784e+09  7.71533785e+00  7.07945784e+09  1.00690362e+00  7.07945784e+09  6.60166454e-01  7.07945784e+09  6.65517197e-01  7.07945784e+09  1.79552311e+00  7.07945784e+09  9.92052903e-01 
 7.49894209e+09  7.74023130e+00  7.49894209e+09  1.00742249e+00  7.49894209e+09  6.59270331e-01  7.49894209e+09  6.64992321e-01  7.49894209e+09  1.71387397e+00  7.49894209e+09  9.91478128e-01 
 7.94328235e+09  7.73932787e+00  7.94328235e+09  1.00794697e+00  7.94328235e+09  6.58405038e-01  7.94328235e+09  6.64502249e-01  7.94328235e+09  1.63552349e+00  7.94328235e+09  9.90895140e-01 
 8.41395142e+09  7.71238021e+00  8.41395142e+09  1.00847367e+00  8.41395142e+09  6.57568495e-01  8.41395142e+09  6.64042746e-01  8.41395142e+09  1.56055923e+00  8.41395142e+09  9.90307013e-01 
 8.91250938e+09  7.65958421e+00  8.91250938e+09  1.00899920e+00  8.91250938e+09  6.56758572e-01  8.91250938e+09  6.63609564e-01  8.91250938e+09  1.48903320e+00  8.91250938e+09  9.89716735e-01 
 9.44060876e+09  7.58157349e+00  9.44060876e+09  1.00952037e+00  9.44060876e+09  6.55973037e-01  9.44060876e+09  6.63198456e-01  9.44060876e+09  1.42096699e+00  9.44060876e+09  9.89127102e-01 
 1.00000000e+10  7.47939735e+00  1.00000000e+10  1.01003419e+00  1.00000000e+10  6.55209504e-01  1.00000000e+10  6.62805181e-01  1.00000000e+10  1.35635654e+00  1.00000000e+10  9.88540620e-01 
 1.05925373e+10  7.35448369e+00  1.05925373e+10  1.01053803e+00  1.05925373e+10  6.54465368e-01  1.05925373e+10  6.62425495e-01  1.05925373e+10  1.29517648e+00  1.05925373e+10  9.87959412e-01 
 1.12201845e+10  7.20858971e+00  1.12201845e+10  1.01102964e+00  1.12201845e+10  6.53737752e-01  1.12201845e+10  6.62055145e-01  1.12201845e+10  1.23738400e+00  1.12201845e+10  9.87385142e-01 
 1.18850223e+10  7.04374385e+00  1.18850223e+10  1.01150726e+00  1.18850223e+10  6.53023443e-01  1.18850223e+10  6.61689845e-01  1.18850223e+10  1.18292227e+00  1.18850223e+10  9.86818949e-01 
 1.25892541e+10  6.86218257e+00  1.25892541e+10  1.01196963e+00  1.25892541e+10  6.52318851e-01  1.25892541e+10  6.61325251e-01  1.25892541e+10  1.13172345e+00  1.25892541e+10  9.86261400e-01 
 1.33352143e+10  6.66628574e+00  1.33352143e+10  1.01241605e+00  1.33352143e+10  6.51619954e-01  1.33352143e+10  6.60956925e-01  1.33352143e+10  1.08371127e+00  1.33352143e+10  9.85712452e-01 
 1.41253754e+10  6.45851397e+00  1.41253754e+10  1.01284637e+00  1.41253754e+10  6.50922259e-01  1.41253754e+10  6.60580305e-01  1.41253754e+10  1.03880324e+00  1.41253754e+10  9.85171436e-01 
 1.49623566e+10  6.24135060e+00  1.49623566e+10  1.01326099e+00  1.49623566e+10  6.50220764e-01  1.49623566e+10  6.60190653e-01  1.49623566e+10  9.96912463e-01  1.49623566e+10  9.84637037e-01 
 1.58489319e+10  6.01725033e+00  1.58489319e+10  1.01366090e+00  1.58489319e+10  6.49509920e-01  1.58489319e+10  6.59783014e-01  1.58489319e+10  9.57949160e-01  1.58489319e+10  9.84107293e-01 
 1.67880402e+10  5.78859575e+00  1.67880402e+10  1.01404761e+00  1.67880402e+10  6.48783592e-01  1.67880402e+10  6.59352159e-01  1.67880402e+10  9.21821851e-01  1.67880402e+10  9.83579594e-01 
 1.77827941e+10  5.55766222e+00  1.77827941e+10  1.01442319e+00  1.77827941e+10  6.48035019e-01  1.77827941e+10  6.58892528e-01  1.77827941e+10  8.88438273e-01  1.77827941e+10  9.83050674e-01 
 1.88364909e+10  5.32659097e+00  1.88364909e+10  1.01479026e+00  1.88364909e+10  6.47256772e-01  1.88364909e+10  6.58398172e-01  1.88364909e+10  8.57706037e-01  1.88364909e+10  9.82516602e-01 
 1.99526231e+10  5.09736979e+00  1.99526231e+10  1.01515198e+00  1.99526231e+10  6.46440698e-01  1.99526231e+10  6.57862676e-01  1.99526231e+10  8.29533050e-01  1.99526231e+10  9.81972771e-01 
 2.11348904e+10  4.87182048e+00  2.11348904e+10  1.01551208e+00  2.11348904e+10  6.45577866e-01  2.11348904e+10  6.57279097e-01  2.11348904e+10  8.03827720e-01  2.11348904e+10  9.81413864e-01 
 2.23872114e+10  4.65159175e+00  2.23872114e+10  1.01587492e+00  2.23872114e+10  6.44658502e-01  2.23872114e+10  6.56639878e-01  2.23872114e+10  7.80498959e-01  2.23872114e+10  9.80833818e-01 
 2.37137371e+10  4.43815677e+00  2.37137371e+10  1.01624549e+00  2.37137371e+10  6.43671908e-01  2.37137371e+10  6.55936774e-01  2.37137371e+10  7.59456001e-01  2.37137371e+10  9.80225763e-01 
 2.51188643e+10  4.23281410e+00  2.51188643e+10  1.01662957e+00  2.51188643e+10  6.42606384e-01  2.51188643e+10  6.55160759e-01  2.51188643e+10  7.40608032e-01  2.51188643e+10  9.79581954e-01 
 2.66072506e+10  4.03669120e+00  2.66072506e+10  1.01703376e+00  2.66072506e+10  6.41449138e-01  2.66072506e+10  6.54301944e-01  2.66072506e+10  7.23863657e-01  2.66072506e+10  9.78893677e-01 
 2.81838293e+10  3.85075003e+00  2.81838293e+10  1.01746569e+00  2.81838293e+10  6.40186189e-01  2.81838293e+10  6.53349486e-01  2.81838293e+10  7.09130197e-01  2.81838293e+10  9.78151143e-01 
 2.98538262e+10  3.67579402e+00  2.98538262e+10  1.01793413e+00  2.98538262e+10  6.38802267e-01  2.98538262e+10  6.52291499e-01  2.98538262e+10  6.96312820e-01  2.98538262e+10  9.77343360e-01 
