 1.00000000e+07  3.65168826e+01  1.00000000e+07  1.00000000e+00  1.00000000e+07  8.19570890e-01  1.00000000e+07  8.19570890e-01  1.00000000e+07  5.16722990e-03  1.00000000e+07  1.00000000e+00 
 1.05925373e+07  3.54349908e+01  1.05925373e+07  1.00000000e+00  1.05925373e+07  8.15949985e-01  1.05925373e+07  8.15949985e-01  1.05925373e+07  5.80381467e-03  1.05925373e+07  1.00000000e+00 
 1.12201845e+07  3.42245097e+01  1.12201845e+07  1.00000000e+00  1.12201845e+07  8.12379320e-01  1.12201845e+07  8.12379320e-01  1.12201845e+07  6.51256199e-03  1.12201845e+07  1.00000000e+00 
 1.18850223e+07  3.28778555e+01  1.18850223e+07  1.00000000e+00  1.18850223e+07  8.08853107e-01  1.18850223e+07  8.08853108e-01  1.18850223e+07  7.30076181e-03  1.18850223e+07  9.99999999e-01 
 1.25892541e+07  3.13892612e+01  1.25892541e+07  1.00000000e+00  1.25892541e+07  8.05367203e-01  1.25892541e+07  8.05367204e-01  1.25892541e+07  8.17625651e-03  1.25892541e+07  9.99999999e-01 
 1.33352143e+07  2.97563266e+01  1.33352143e+07  1.00000000e+00  1.33352143e+07  8.01919199e-01  1.33352143e+07  8.01919199e-01  1.33352143e+07  9.14744205e-03  1.33352143e+07  9.99999999e-01 
 1.41253754e+07  2.79803754e+01  1.41253754e+07  1.00000000e+00  1.41253754e+07  7.98508440e-01  1.41253754e+07  7.98508441e-01  1.41253754e+07  1.02232598e-02  1.41253754e+07  9.99999999e-01 
 1.49623566e+07  2.60678992e+01  1.49623566e+07  1.00000000e+00  1.49623566e+07  7.95135990e-01  1.49623566e+07  7.95135991e-01  1.49623566e+07  1.14131783e-02  1.49623566e+07  9.99999999e-01 
 1.58489319e+07  2.40309070e+01  1.58489319e+07  1.00000000e+00  1.58489319e+07  7.91804537e-01  1.58489319e+07  7.91804537e-01  1.58489319e+07  1.27271629e-02  1.58489319e+07  9.99999999e-01 
 1.67880402e+07  2.18877577e+01  1.67880402e+07  1.00000000e+00  1.67880402e+07  7.88518243e-01  1.67880402e+07  7.88518244e-01  1.67880402e+07  1.41756342e-02  1.67880402e+07  9.99999999e-01 
 1.77827941e+07  1.96629595e+01  1.77827941e+07  1.00000000e+00  1.77827941e+07  7.85282565e-01  1.77827941e+07  7.85282566e-01  1.77827941e+07  1.57694133e-02  1.77827941e+07  9.99999999e-01 
 1.88364909e+07  1.73867313e+01  1.88364909e+07  1.00000000e+00  1.88364909e+07  7.82104021e-01  1.88364909e+07  7.82104023e-01  1.88364909e+07  1.75196559e-02  1.88364909e+07  9.99999998e-01 
 1.99526231e+07  1.50938148e+01  1.99526231e+07  1.00000000e+00  1.99526231e+07  7.78989940e-01  1.99526231e+07  7.78989942e-01  1.99526231e+07  1.94377761e-02  1.99526231e+07  9.99999998e-01 
 2.11348904e+07  1.28216904e+01  2.11348904e+07  1.00000000e+00  2.11348904e+07  7.75948183e-01  2.11348904e+07  7.75948184e-01  2.11348904e+07  2.15353623e-02  2.11348904e+07  9.99999998e-01 
 2.23872114e+07  1.06084511e+01  2.23872114e+07  1.00000000e+00  2.23872114e+07  7.72986856e-01  2.23872114e+07  7.72986858e-01  2.23872114e+07  2.38240888e-02  2.23872114e+07  9.99999998e-01 
 2.37137371e+07  8.49042664e+00  2.37137371e+07  1.00000000e+00  2.37137371e+07  7.70114025e-01  2.37137371e+07  7.70114027e-01  2.37137371e+07  2.63156275e-02  2.37137371e+07  9.99999998e-01 
 2.51188643e+07  6.50000890e+00  2.51188643e+07  1.00000000e+00  2.51188643e+07  7.67337435e-01  2.51188643e+07  7.67337437e-01  2.51188643e+07  2.90215653e-02  2.51188643e+07  9.99999998e-01 
 2.66072506e+07  4.66386785e+00  2.66072506e+07  1.00000000e+00  2.66072506e+07  7.64664255e-01  2.66072506e+07  7.64664257e-01  2.66072506e+07  3.19533322e-02  2.66072506e+07  9.99999998e-01 
 2.81838293e+07  3.00177232e+00  2.81838293e+07  1.00000000e+00  2.81838293e+07  7.62100856e-01  2.81838293e+07  7.62100857e-01  2.81838293e+07  3.51221469e-02  2.81838293e+07  9.99999999e-01 
 2.98538262e+07  1.52608739e+00  2.98538262e+07  1.00000000e+00  2.98538262e+07  7.59652624e-01  2.98538262e+07  7.59652625e-01  2.98538262e+07  3.85389856e-02  2.98538262e+07  9.99999999e-01 
 3.16227766e+07  2.41925207e-01  3.16227766e+07  1.00000000e+00  3.16227766e+07  7.57323827e-01  3.16227766e+07  7.57323828e-01  3.16227766e+07  4.22145772e-02  3.16227766e+07  1.00000000e+00 
 3.34965439e+07 -8.52185871e-01  3.34965439e+07  9.99999999e-01  3.34965439e+07  7.55117528e-01  3.34965439e+07  7.55117528e-01  3.34965439e+07  4.61594305e-02  3.34965439e+07  1.00000000e+00 
 3.54813389e+07 -1.76326963e+00  3.54813389e+07  9.99999998e-01  3.54813389e+07  7.53035542e-01  3.54813389e+07  7.53035541e-01  3.54813389e+07  5.03838930e-02  3.54813389e+07  1.00000000e+00 
 3.75837404e+07 -2.50268989e+00  3.75837404e+07  9.99999996e-01  3.75837404e+07  7.51078453e-01  3.75837404e+07  7.51078451e-01  3.75837404e+07  5.48982416e-02  3.75837404e+07  1.00000000e+00 
 3.98107171e+07 -3.08489669e+00  3.98107171e+07  9.99999995e-01  3.98107171e+07  7.49245660e-01  3.98107171e+07  7.49245658e-01  3.98107171e+07  5.97128032e-02  3.98107171e+07  1.00000000e+00 
 4.21696503e+07 -3.52625114e+00  4.21696503e+07  9.99999993e-01  4.21696503e+07  7.47535463e-01  4.21696503e+07  7.47535461e-01  4.21696503e+07  6.48380999e-02  4.21696503e+07  1.00000000e+00 
 4.46683592e+07 -3.84399684e+00  4.46683592e+07  9.99999991e-01  4.46683592e+07  7.45945178e-01  4.46683592e+07  7.45945174e-01  4.46683592e+07  7.02850135e-02  4.46683592e+07  1.00000001e+00 
 4.73151259e+07 -4.05541476e+00  4.73151259e+07  9.99999989e-01  4.73151259e+07  7.44471260e-01  4.73151259e+07  7.44471255e-01  4.73151259e+07  7.60649629e-02  4.73151259e+07  1.00000001e+00 
 5.01187234e+07 -4.17717443e+00  5.01187234e+07  9.99999986e-01  5.01187234e+07  7.43109447e-01  5.01187234e+07  7.43109441e-01  5.01187234e+07  8.21900876e-02  5.01187234e+07  1.00000001e+00 
 5.30884444e+07 -4.22486647e+00  5.30884444e+07  9.99999983e-01  5.30884444e+07  7.41854901e-01  5.30884444e+07  7.41854894e-01  5.30884444e+07  8.86734300e-02  5.30884444e+07  1.00000001e+00 
 5.62341325e+07 -4.21269808e+00  5.62341325e+07  9.99999980e-01  5.62341325e+07  7.40702348e-01  5.62341325e+07  7.40702340e-01  5.62341325e+07  9.55291114e-02  5.62341325e+07  1.00000001e+00 
 5.95662144e+07 -4.15332583e+00  5.95662144e+07  9.99999977e-01  5.95662144e+07  7.39646207e-01  5.95662144e+07  7.39646197e-01  5.95662144e+07  1.02772497e-01  5.95662144e+07  1.00000002e+00 
 6.30957344e+07 -4.05779452e+00  6.30957344e+07  9.99999974e-01  6.30957344e+07  7.38680710e-01  6.30957344e+07  7.38680699e-01  6.30957344e+07  1.10420345e-01  6.30957344e+07  1.00000002e+00 
 6.68343918e+07 -3.93556004e+00  6.68343918e+07  9.99999970e-01  6.68343918e+07  7.37800011e-01  6.68343918e+07  7.37799999e-01  6.68343918e+07  1.18490944e-01  6.68343918e+07  1.00000002e+00 
 7.07945784e+07 -3.79456779e+00  7.07945784e+07  9.99999966e-01  7.07945784e+07  7.36998276e-01  7.07945784e+07  7.36998263e-01  7.07945784e+07  1.27004227e-01  7.07945784e+07  1.00000002e+00 
 7.49894209e+07 -3.64137127e+00  7.49894209e+07  9.99999962e-01  7.49894209e+07  7.36269761e-01  7.49894209e+07  7.36269746e-01  7.49894209e+07  1.35981873e-01  7.49894209e+07  1.00000002e+00 
 7.94328235e+07 -3.48127075e+00  7.94328235e+07  9.99999957e-01  7.94328235e+07  7.35608871e-01  7.94328235e+07  7.35608855e-01  7.94328235e+07  1.45447394e-01  7.94328235e+07  1.00000003e+00 
 8.41395142e+07 -3.31846288e+00  8.41395142e+07  9.99999952e-01  8.41395142e+07  7.35010216e-01  8.41395142e+07  7.35010200e-01  8.41395142e+07  1.55426204e-01  8.41395142e+07  1.00000003e+00 
 8.91250938e+07 -3.15618883e+00  8.91250938e+07  9.99999947e-01  8.91250938e+07  7.34468643e-01  8.91250938e+07  7.34468626e-01  8.91250938e+07  1.65945681e-01  8.91250938e+07  1.00000003e+00 
 9.44060876e+07 -2.99687735e+00  9.44060876e+07  9.99999941e-01  9.44060876e+07  7.33979262e-01  9.44060876e+07  7.33979244e-01  9.44060876e+07  1.77035217e-01  9.44060876e+07  1.00000003e+00 
 1.00000000e+08 -2.84227642e+00  1.00000000e+08  9.99999935e-01  1.00000000e+08  7.33537465e-01  1.00000000e+08  7.33537446e-01  1.00000000e+08  1.88726259e-01  1.00000000e+08  1.00000004e+00 
 1.05925373e+08 -2.69357262e+00  1.05925373e+08  9.99999928e-01  1.05925373e+08  7.33138932e-01  1.05925373e+08  7.33138913e-01  1.05925373e+08  2.01052344e-01  1.05925373e+08  1.00000004e+00 
 1.12201845e+08 -2.55149597e+00  1.12201845e+08  9.99999921e-01  1.12201845e+08  7.32779635e-01  1.12201845e+08  7.32779616e-01  1.12201845e+08  2.14049128e-01  1.12201845e+08  1.00000004e+00 
 1.18850223e+08 -2.41641138e+00  1.18850223e+08  9.99999913e-01  1.18850223e+08  7.32455835e-01  1.18850223e+08  7.32455815e-01  1.18850223e+08  2.27754411e-01  1.18850223e+08  1.00000004e+00 
 1.25892541e+08 -2.28839635e+00  1.25892541e+08  9.99999905e-01  1.25892541e+08  7.32164071e-01  1.25892541e+08  7.32164052e-01  1.25892541e+08  2.42208152e-01  1.25892541e+08  1.00000005e+00 
 1.33352143e+08 -2.16730634e+00  1.33352143e+08  9.99999895e-01  1.33352143e+08  7.31901154e-01  1.33352143e+08  7.31901134e-01  1.33352143e+08  2.57452477e-01  1.33352143e+08  1.00000005e+00 
 1.41253754e+08 -2.05282953e+00  1.41253754e+08  9.99999884e-01  1.41253754e+08  7.31664149e-01  1.41253754e+08  7.31664130e-01  1.41253754e+08  2.73531683e-01  1.41253754e+08  1.00000005e+00 
 1.49623566e+08 -1.94453151e+00  1.49623566e+08  9.99999873e-01  1.49623566e+08  7.31450363e-01  1.49623566e+08  7.31450345e-01  1.49623566e+08  2.90492228e-01  1.49623566e+08  1.00000005e+00 
 1.58489319e+08 -1.84189195e+00  1.58489319e+08  9.99999860e-01  1.58489319e+08  7.31257327e-01  1.58489319e+08  7.31257310e-01  1.58489319e+08  3.08382703e-01  1.58489319e+08  1.00000005e+00 
 1.67880402e+08 -1.74433423e+00  1.67880402e+08  9.99999846e-01  1.67880402e+08  7.31082776e-01  1.67880402e+08  7.31082760e-01  1.67880402e+08  3.27253794e-01  1.67880402e+08  1.00000006e+00 
 1.77827941e+08 -1.65124930e+00  1.77827941e+08  9.99999830e-01  1.77827941e+08  7.30924632e-01  1.77827941e+08  7.30924619e-01  1.77827941e+08  3.47158215e-01  1.77827941e+08  1.00000006e+00 
 1.88364909e+08 -1.56201503e+00  1.88364909e+08  9.99999813e-01  1.88364909e+08  7.30780988e-01  1.88364909e+08  7.30780977e-01  1.88364909e+08  3.68150613e-01  1.88364909e+08  1.00000006e+00 
 1.99526231e+08 -1.47601154e+00  1.99526231e+08  9.99999793e-01  1.99526231e+08  7.30650084e-01  1.99526231e+08  7.30650077e-01  1.99526231e+08  3.90287446e-01  1.99526231e+08  1.00000006e+00 
 2.11348904e+08 -1.39263386e+00  2.11348904e+08  9.99999772e-01  2.11348904e+08  7.30530301e-01  2.11348904e+08  7.30530298e-01  2.11348904e+08  4.13626812e-01  2.11348904e+08  1.00000006e+00 
 2.23872114e+08 -1.31130205e+00  2.23872114e+08  9.99999748e-01  2.23872114e+08  7.30420136e-01  2.23872114e+08  7.30420140e-01  2.23872114e+08  4.38228234e-01  2.23872114e+08  1.00000006e+00 
 2.37137371e+08 -1.23146965e+00  2.37137371e+08  9.99999722e-01  2.37137371e+08  7.30318197e-01  2.37137371e+08  7.30318208e-01  2.37137371e+08  4.64152381e-01  2.37137371e+08  1.00000006e+00 
 2.51188643e+08 -1.15263065e+00  2.51188643e+08  9.99999693e-01  2.51188643e+08  7.30223184e-01  2.51188643e+08  7.30223204e-01  2.51188643e+08  4.91460723e-01  2.51188643e+08  1.00000006e+00 
 2.66072506e+08 -1.07432528e+00  2.66072506e+08  9.99999661e-01  2.66072506e+08  7.30133879e-01  2.66072506e+08  7.30133911e-01  2.66072506e+08  5.20215105e-01  2.66072506e+08  1.00000006e+00 
 2.81838293e+08 -9.96144852e-01  2.81838293e+08  9.99999626e-01  2.81838293e+08  7.30049135e-01  2.81838293e+08  7.30049181e-01  2.81838293e+08  5.50477224e-01  2.81838293e+08  1.00000005e+00 
 2.98538262e+08 -9.17735636e-01  2.98538262e+08  9.99999587e-01  2.98538262e+08  7.29967856e-01  2.98538262e+08  7.29967920e-01  2.98538262e+08  5.82307997e-01  2.98538262e+08  1.00000005e+00 
 3.16227766e+08 -8.38801842e-01  3.16227766e+08  9.99999545e-01  3.16227766e+08  7.29888993e-01  3.16227766e+08  7.29889080e-01  3.16227766e+08  6.15766809e-01  3.16227766e+08  1.00000003e+00 
 3.34965439e+08 -7.59107667e-01  3.34965439e+08  9.99999498e-01  3.34965439e+08  7.29811528e-01  3.34965439e+08  7.29811643e-01  3.34965439e+08  6.50910621e-01  3.34965439e+08  1.00000002e+00 
 3.54813389e+08 -6.78478315e-01  3.54813389e+08  9.99999448e-01  3.54813389e+08  7.29734458e-01  3.54813389e+08  7.29734609e-01  3.54813389e+08  6.87792918e-01  3.54813389e+08  9.99999995e-01 
 3.75837404e+08 -5.96799976e-01  3.75837404e+08  9.99999393e-01  3.75837404e+08  7.29656792e-01  3.75837404e+08  7.29656986e-01  3.75837404e+08  7.26462497e-01  3.75837404e+08  9.99999965e-01 
 3.98107171e+08 -5.14018665e-01  3.98107171e+08  9.99999334e-01  3.98107171e+08  7.29577529e-01  3.98107171e+08  7.29577777e-01  3.98107171e+08  7.66962058e-01  3.98107171e+08  9.99999925e-01 
 4.21696503e+08 -4.30137914e-01  4.21696503e+08  9.99999271e-01  4.21696503e+08  7.29495656e-01  4.21696503e+08  7.29495971e-01  4.21696503e+08  8.09326610e-01  4.21696503e+08  9.99999873e-01 
 4.46683592e+08 -3.45215331e-01  4.46683592e+08  9.99999204e-01  4.46683592e+08  7.29410127e-01  4.46683592e+08  7.29410526e-01  4.46683592e+08  8.53581669e-01  4.46683592e+08  9.99999805e-01 
 4.73151259e+08 -2.59358060e-01  4.73151259e+08  9.99999134e-01  4.73151259e+08  7.29319859e-01  4.73151259e+08  7.29320361e-01  4.73151259e+08  8.99741244e-01  4.73151259e+08  9.99999717e-01 
 5.01187234e+08 -1.72717247e-01  5.01187234e+08  9.99999061e-01  5.01187234e+08  7.29223717e-01  5.01187234e+08  7.29224347e-01  5.01187234e+08  9.47805632e-01  5.01187234e+08  9.99999605e-01 
 5.30884444e+08 -8.54815981e-02  5.30884444e+08  9.99998986e-01  5.30884444e+08  7.29120501e-01  5.30884444e+08  7.29121290e-01  5.30884444e+08  9.97759017e-01  5.30884444e+08  9.99999462e-01 
 5.62341325e+08  2.12980135e-03  5.62341325e+08  9.99998912e-01  5.62341325e+08  7.29008935e-01  5.62341325e+08  7.29009919e-01  5.62341325e+08  1.04956691e+00  5.62341325e+08  9.99999282e-01 
 5.95662144e+08  8.98752492e-02  5.95662144e+08  9.99998840e-01  5.95662144e+08  7.28887657e-01  5.95662144e+08  7.28888882e-01  5.95662144e+08  1.10317350e+00  5.95662144e+08  9.99999054e-01 
 6.30957344e+08  1.77498609e-01  6.30957344e+08  9.99998773e-01  6.30957344e+08  7.28755203e-01  6.30957344e+08  7.28756723e-01  6.30957344e+08  1.15849886e+00  6.30957344e+08  9.99998768e-01 
 6.68343918e+08  2.64737727e-01  6.68343918e+08  9.99998715e-01  6.68343918e+08  7.28609996e-01  6.68343918e+08  7.28611879e-01  6.68343918e+08  1.21543633e+00  6.68343918e+08  9.99998411e-01 
 7.07945784e+08  3.51332892e-01  7.07945784e+08  9.99998671e-01  7.07945784e+08  7.28450336e-01  7.07945784e+08  7.28452663e-01  7.07945784e+08  1.27384983e+00  7.07945784e+08  9.99997967e-01 
 7.49894209e+08  4.37035162e-01  7.49894209e+08  9.99998647e-01  7.49894209e+08  7.28274386e-01  7.49894209e+08  7.28277255e-01  7.49894209e+08  1.33357159e+00  7.49894209e+08  9.99997417e-01 
 7.94328235e+08  5.21614346e-01  7.94328235e+08  9.99998650e-01  7.94328235e+08  7.28080162e-01  7.94328235e+08  7.28083691e-01  7.94328235e+08  1.39440014e+00  7.94328235e+08  9.99996739e-01 
 8.41395142e+08  6.04866465e-01  8.41395142e+08  9.99998691e-01  8.41395142e+08  7.27865524e-01  8.41395142e+08  7.27869854e-01  8.41395142e+08  1.45609887e+00  8.41395142e+08  9.99995906e-01 
 8.91250938e+08  6.86620484e-01  8.91250938e+08  9.99998781e-01  8.91250938e+08  7.27628166e-01  8.91250938e+08  7.27633465e-01  8.91250938e+08  1.51839529e+00  8.91250938e+08  9.99994888e-01 
 9.44060876e+08  7.66744142e-01  9.44060876e+08  9.99998935e-01  9.44060876e+08  7.27365612e-01  9.44060876e+08  7.27372079e-01  9.44060876e+08  1.58098110e+00  9.44060876e+08  9.99993648e-01 
 1.00000000e+09  8.45148730e-01  1.00000000e+09  9.99999171e-01  1.00000000e+09  7.27075209e-01  1.00000000e+09  7.27083079e-01  1.00000000e+09  1.64351328e+00  1.00000000e+09  9.99992145e-01 
 1.05925373e+09  9.21792682e-01  1.05925373e+09  9.99999509e-01  1.05925373e+09  7.26754134e-01  1.05925373e+09  7.26763684e-01  1.05925373e+09  1.70561621e+00  1.05925373e+09  9.99990329e-01 
 1.12201845e+09  9.96683901e-01  1.12201845e+09  9.99999976e-01  1.12201845e+09  7.26399393e-01  1.12201845e+09  7.26410946e-01  1.12201845e+09  1.76688503e+00  1.12201845e+09  9.99988148e-01 
 1.18850223e+09  1.06988079e+00  1.18850223e+09  1.00000060e+00  1.18850223e+09  7.26007837e-01  1.18850223e+09  7.26021768e-01  1.18850223e+09  1.82689010e+00  1.18850223e+09  9.99985537e-01 
 1.25892541e+09  1.14149201e+00  1.25892541e+09  1.00000142e+00  1.25892541e+09  7.25576177e-01  1.25892541e+09  7.25592920e-01  1.25892541e+09  1.88518262e+00  1.25892541e+09  9.99982426e-01 
 1.33352143e+09  1.21167497e+00  1.33352143e+09  1.00000248e+00  1.33352143e+09  7.25101014e-01  1.33352143e+09  7.25121068e-01  1.33352143e+09  1.94130124e+00  1.33352143e+09  9.99978736e-01 
 1.41253754e+09  1.28063325e+00  1.41253754e+09  1.00000382e+00  1.41253754e+09  7.24578874e-01  1.41253754e+09  7.24602808e-01  1.41253754e+09  1.99477948e+00  1.41253754e+09  9.99974379e-01 
 1.49623566e+09  1.34861300e+00  1.49623566e+09  1.00000551e+00  1.49623566e+09  7.24006256e-01  1.49623566e+09  7.24034718e-01  1.49623566e+09  2.04515374e+00  1.49623566e+09  9.99969257e-01 
 1.58489319e+09  1.41589840e+00  1.58489319e+09  1.00000761e+00  1.58489319e+09  7.23379692e-01  1.58489319e+09  7.23413416e-01  1.58489319e+09  2.09197157e+00  1.58489319e+09  9.99963260e-01 
 1.67880402e+09  1.48280646e+00  1.67880402e+09  1.00001020e+00  1.67880402e+09  7.22695822e-01  1.67880402e+09  7.22735633e-01  1.67880402e+09  2.13479998e+00  1.67880402e+09  9.99956269e-01 
 1.77827941e+09  1.54968108e+00  1.77827941e+09  1.00001337e+00  1.77827941e+09  7.21951479e-01  1.77827941e+09  7.21998301e-01  1.77827941e+09  2.17323346e+00  1.77827941e+09  9.99948153e-01 
 1.88364909e+09  1.61688661e+00  1.88364909e+09  1.00001723e+00  1.88364909e+09  7.21143789e-01  1.88364909e+09  7.21198650e-01  1.88364909e+09  2.20690140e+00  1.88364909e+09  9.99938769e-01 
 1.99526231e+09  1.68480086e+00  1.99526231e+09  1.00002189e+00  1.99526231e+09  7.20270280e-01  1.99526231e+09  7.20334323e-01  1.99526231e+09  2.23547482e+00  1.99526231e+09  9.99927961e-01 
 2.11348904e+09  1.75380765e+00  2.11348904e+09  1.00002749e+00  2.11348904e+09  7.19329006e-01  2.11348904e+09  7.19403494e-01  2.11348904e+09  2.25867223e+00  2.11348904e+09  9.99915559e-01 
 2.23872114e+09  1.82428889e+00  2.23872114e+09  1.00003419e+00  2.23872114e+09  7.18318673e-01  2.23872114e+09  7.18404993e-01  2.23872114e+09  2.27626435e+00  2.23872114e+09  9.99901378e-01 
 2.37137371e+09  1.89661616e+00  2.37137371e+09  1.00004215e+00  2.37137371e+09  7.17238762e-01  2.37137371e+09  7.17338437e-01  2.37137371e+09  2.28807801e+00  2.37137371e+09  9.99885220e-01 
 2.51188643e+09  1.97114186e+00  2.51188643e+09  1.00005158e+00  2.51188643e+09  7.16089656e-01  2.51188643e+09  7.16204348e-01  2.51188643e+09  2.29399892e+00  2.51188643e+09  9.99866871e-01 
 2.66072506e+09  2.04818987e+00  2.66072506e+09  1.00006269e+00  2.66072506e+09  7.14872744e-01  2.66072506e+09  7.15004262e-01  2.66072506e+09  2.29397346e+00  2.66072506e+09  9.99846099e-01 
 2.81838293e+09  2.12804579e+00  2.81838293e+09  1.00007571e+00  2.81838293e+09  7.13590512e-01  2.81838293e+09  7.13740820e-01  2.81838293e+09  2.28800952e+00  2.81838293e+09  9.99822658e-01 
 2.98538262e+09  2.21094687e+00  2.98538262e+09  1.00009092e+00  2.98538262e+09  7.12246601e-01  2.98538262e+09  7.12417821e-01  2.98538262e+09  2.27617647e+00  2.98538262e+09  9.99796285e-01 
 3.16227766e+09  2.29707170e+00  3.16227766e+09  1.00010858e+00  3.16227766e+09  7.10845825e-01  3.16227766e+09  7.11040246e-01  3.16227766e+09  2.25860405e+00  3.16227766e+09  9.99766702e-01 
 3.34965439e+09  2.38652990e+00  3.34965439e+09  1.00012900e+00  3.34965439e+09  7.09394151e-01  3.34965439e+09  7.09614232e-01  3.34965439e+09  2.23548046e+00  3.34965439e+09  9.99733617e-01 
 3.54813389e+09  2.47935197e+00  3.54813389e+09  1.00015250e+00  3.54813389e+09  7.07898628e-01  3.54813389e+09  7.08147003e-01  3.54813389e+09  2.20704933e+00  3.54813389e+09  9.99696725e-01 
 3.75837404e+09  2.57547974e+00  3.75837404e+09  1.00017941e+00  3.75837404e+09  7.06367266e-01  3.75837404e+09  7.06646746e-01  3.75837404e+09  2.17360578e+00  3.75837404e+09  9.99655712e-01 
 3.98107171e+09  2.67475768e+00  3.98107171e+09  1.00021006e+00  3.98107171e+09  7.04808867e-01  3.98107171e+09  7.05122441e-01  3.98107171e+09  2.13549136e+00  3.98107171e+09  9.99610258e-01 
 4.21696503e+09  2.77692548e+00  4.21696503e+09  1.00024480e+00  4.21696503e+09  7.03232820e-01  4.21696503e+09  7.03583653e-01  4.21696503e+09  2.09308819e+00  4.21696503e+09  9.99560039e-01 
 4.46683592e+09  2.88161243e+00  4.46683592e+09  1.00028396e+00  4.46683592e+09  7.01648862e-01  4.46683592e+09  7.02040289e-01  4.46683592e+09  2.04681203e+00  4.46683592e+09  9.99504738e-01 
 4.73151259e+09  2.98833404e+00  4.73151259e+09  1.00032788e+00  4.73151259e+09  7.00066813e-01  4.73151259e+09  7.00502335e-01  4.73151259e+09  1.99710479e+00  4.73151259e+09  9.99444046e-01 
 5.01187234e+09  3.09649138e+00  5.01187234e+09  1.00037686e+00  5.01187234e+09  6.98496320e-01  5.01187234e+09  6.98979587e-01  5.01187234e+09  1.94442645e+00  5.01187234e+09  9.99377672e-01 
 5.30884444e+09  3.20537371e+00  5.30884444e+09  1.00043117e+00  5.30884444e+09  6.96946598e-01  5.30884444e+09  6.97481395e-01  5.30884444e+09  1.88924683e+00  5.30884444e+09  9.99305348e-01 
 5.62341325e+09  3.31416476e+00  5.62341325e+09  1.00049106e+00  5.62341325e+09  6.95426205e-01  5.62341325e+09  6.96016427e-01  5.62341325e+09  1.83203729e+00  5.62341325e+09  9.99226843e-01 
 5.95662144e+09  3.42195320e+00  5.95662144e+09  1.00055671e+00  5.95662144e+09  6.93942839e-01  5.95662144e+09  6.94592469e-01  5.95662144e+09  1.77326289e+00  5.95662144e+09  9.99141963e-01 
 6.30957344e+09  3.52774735e+00  6.30957344e+09  1.00062827e+00  6.30957344e+09  6.92503192e-01  6.30957344e+09  6.93216266e-01  6.30957344e+09  1.71337509e+00  6.30957344e+09  9.99050568e-01 
 6.68343918e+09  3.63049445e+00  6.68343918e+09  1.00070580e+00  6.68343918e+09  6.91112845e-01  6.68343918e+09  6.91893413e-01  6.68343918e+09  1.65280534e+00  6.68343918e+09  9.98952573e-01 
 7.07945784e+09  3.72910427e+00  7.07945784e+09  1.00078930e+00  7.07945784e+09  6.89776206e-01  7.07945784e+09  6.90628295e-01  7.07945784e+09  1.59195966e+00  7.07945784e+09  9.98847953e-01 
 7.49894209e+09  3.82247657e+00  7.49894209e+09  1.00087871e+00  7.49894209e+09  6.88496505e-01  7.49894209e+09  6.89424075e-01  7.49894209e+09  1.53121437e+00  7.49894209e+09  9.98736752e-01 
 7.94328235e+09  3.90953184e+00  7.94328235e+09  1.00097389e+00  7.94328235e+09  6.87275821e-01  7.94328235e+09  6.88282721e-01  7.94328235e+09  1.47091297e+00  7.94328235e+09  9.98619078e-01 
 8.41395142e+09  3.98924411e+00  8.41395142e+09  1.00107461e+00  8.41395142e+09  6.86115142e-01  8.41395142e+09  6.87205067e-01  8.41395142e+09  1.41136418e+00  8.41395142e+09  9.98495101e-01 
 8.91250938e+09  4.06067451e+00  8.91250938e+09  1.00118061e+00  8.91250938e+09  6.85014456e-01  8.91250938e+09  6.86190909e-01  8.91250938e+09  1.35284104e+00  8.91250938e+09  9.98365048e-01 
 9.44060876e+09  4.12300395e+00  9.44060876e+09  1.00129156e+00  9.44060876e+09  6.83972844e-01  9.44060876e+09  6.85239104e-01  9.44060876e+09  1.29558099e+00  9.44060876e+09  9.98229190e-01 
 1.00000000e+10  4.17556300e+00  1.00000000e+10  1.00140708e+00  1.00000000e+10  6.82988598e-01  1.00000000e+10  6.84347696e-01  1.00000000e+10  1.23978671e+00  1.00000000e+10  9.98087827e-01 
 1.05925373e+10  4.21785744e+00  1.05925373e+10  1.00152680e+00  1.05925373e+10  6.82059322e-01  1.05925373e+10  6.83514030e-01  1.05925373e+10  1.18562771e+00  1.05925373e+10  9.97941268e-01 
 1.12201845e+10  4.24958751e+00  1.12201845e+10  1.00165034e+00  1.12201845e+10  6.81182036e-01  1.12201845e+10  6.82734873e-01  1.12201845e+10  1.13324232e+00  1.12201845e+10  9.97789809e-01 
 1.18850223e+10  4.27065992e+00  1.18850223e+10  1.00177736e+00  1.18850223e+10  6.80353275e-01  1.18850223e+10  6.82006518e-01  1.18850223e+10  1.08274009e+00  1.18850223e+10  9.97633706e-01 
 1.25892541e+10  4.28119151e+00  1.25892541e+10  1.00190756e+00  1.25892541e+10  6.79569160e-01  1.25892541e+10  6.81324889e-01  1.25892541e+10  1.03420448e+00  1.25892541e+10  9.97473146e-01 
 1.33352143e+10  4.28150452e+00  1.33352143e+10  1.00204076e+00  1.33352143e+10  6.78825476e-01  1.33352143e+10  6.80685618e-01  1.33352143e+10  9.87695476e-01  1.33352143e+10  9.97308222e-01 
 1.41253754e+10  4.27211375e+00  1.41253754e+10  1.00217686e+00  1.41253754e+10  6.78117712e-01  1.41253754e+10  6.80084117e-01  1.41253754e+10  9.43252424e-01  1.41253754e+10  9.97138899e-01 
 1.49623566e+10  4.25370650e+00  1.49623566e+10  1.00231591e+00  1.49623566e+10  6.77441111e-01  1.49623566e+10  6.79515634e-01  1.49623566e+10  9.00896644e-01  1.49623566e+10  9.96964992e-01 
 1.58489319e+10  4.22711680e+00  1.58489319e+10  1.00245816e+00  1.58489319e+10  6.76790686e-01  1.58489319e+10  6.78975290e-01  1.58489319e+10  8.60633988e-01  1.58489319e+10  9.96786131e-01 
 1.67880402e+10  4.19329554e+00  1.67880402e+10  1.00260401e+00  1.67880402e+10  6.76161234e-01  1.67880402e+10  6.78458104e-01  1.67880402e+10  8.22457220e-01  1.67880402e+10  9.96601743e-01 
 1.77827941e+10  4.15327837e+00  1.77827941e+10  1.00275409e+00  1.77827941e+10  6.75547339e-01  1.77827941e+10  6.77959011e-01  1.77827941e+10  7.86348192e-01  1.77827941e+10  9.96411023e-01 
 1.88364909e+10  4.10815327e+00  1.88364909e+10  1.00290928e+00  1.88364909e+10  6.74943357e-01  1.88364909e+10  6.77472853e-01  1.88364909e+10  7.52279824e-01  1.88364909e+10  9.96212915e-01 
 1.99526231e+10  4.05902935e+00  1.99526231e+10  1.00307070e+00  1.99526231e+10  6.74343400e-01  1.99526231e+10  6.76994378e-01  1.99526231e+10  7.20217854e-01  1.99526231e+10  9.96006082e-01 
 2.11348904e+10  4.00700830e+00  2.11348904e+10  1.00323976e+00  2.11348904e+10  6.73741302e-01  2.11348904e+10  6.76518212e-01  2.11348904e+10  6.90122387e-01  2.11348904e+10  9.95788891e-01 
 2.23872114e+10  3.95315956e+00  2.23872114e+10  1.00341816e+00  2.23872114e+10  6.73130583e-01  2.23872114e+10  6.76038833e-01  2.23872114e+10  6.61949229e-01  2.23872114e+10  9.95559380e-01 
 2.37137371e+10  3.89849979e+00  2.37137371e+10  1.00360793e+00  2.37137371e+10  6.72504398e-01  2.37137371e+10  6.75550531e-01  2.37137371e+10  6.35651024e-01  2.37137371e+10  9.95315233e-01 
 2.51188643e+10  3.84397708e+00  2.51188643e+10  1.00381148e+00  2.51188643e+10  6.71855479e-01  2.51188643e+10  6.75047365e-01  2.51188643e+10  6.11178209e-01  2.51188643e+10  9.95053741e-01 
 2.66072506e+10  3.79045984e+00  2.66072506e+10  1.00403161e+00  2.66072506e+10  6.71176071e-01  2.66072506e+10  6.74523103e-01  2.66072506e+10  5.88479798e-01  2.66072506e+10  9.94771766e-01 
 2.81838293e+10  3.73873024e+00  2.81838293e+10  1.00427155e+00  2.81838293e+10  6.70457849e-01  2.81838293e+10  6.73971172e-01  2.81838293e+10  5.67504000e-01  2.81838293e+10  9.94465686e-01 
 2.98538262e+10  3.68948187e+00  2.98538262e+10  1.00453508e+00  2.98538262e+10  6.69691836e-01  2.98538262e+10  6.73384580e-01  2.98538262e+10  5.48198699e-01  2.98538262e+10  9.94131340e-01 
