 1.00000000e+07  2.09256634e+01  1.00000000e+07  1.00000000e+00  1.00000000e+07  8.28876835e-01  1.00000000e+07  8.28876835e-01  1.00000000e+07  6.20431470e-04  1.00000000e+07  1.00000000e+00 
 1.05925373e+07  2.07844579e+01  1.05925373e+07  1.00000000e+00  1.05925373e+07  8.23651182e-01  1.05925373e+07  8.23651182e-01  1.05925373e+07  6.56614248e-04  1.05925373e+07  1.00000000e+00 
 1.12201845e+07  2.06085671e+01  1.12201845e+07  1.00000000e+00  1.12201845e+07  8.18487824e-01  1.12201845e+07  8.18487824e-01  1.12201845e+07  6.93929838e-04  1.12201845e+07  1.00000000e+00 
 1.18850223e+07  2.03937391e+01  1.18850223e+07  1.00000000e+00  1.18850223e+07  8.13392482e-01  1.18850223e+07  8.13392482e-01  1.18850223e+07  7.32487456e-04  1.18850223e+07  1.00000000e+00 
 1.25892541e+07  2.01318466e+01  1.25892541e+07  1.00000000e+00  1.25892541e+07  8.08371864e-01  1.25892541e+07  8.08371864e-01  1.25892541e+07  7.72459970e-04  1.25892541e+07  1.00000000e+00 
 1.33352143e+07  1.98169982e+01  1.33352143e+07  1.00000000e+00  1.33352143e+07  8.03433823e-01  1.33352143e+07  8.03433823e-01  1.33352143e+07  8.14105491e-04  1.33352143e+07  1.00000000e+00 
 1.41253754e+07  1.94417033e+01  1.41253754e+07  1.00000000e+00  1.41253754e+07  7.98587387e-01  1.41253754e+07  7.98587387e-01  1.41253754e+07  8.57794267e-04  1.41253754e+07  1.00000000e+00 
 1.49623566e+07  1.90008772e+01  1.49623566e+07  1.00000000e+00  1.49623566e+07  7.93842656e-01  1.49623566e+07  7.93842656e-01  1.49623566e+07  9.04041508e-04  1.49623566e+07  1.00000000e+00 
 1.58489319e+07  1.84890093e+01  1.58489319e+07  1.00000000e+00  1.58489319e+07  7.89210595e-01  1.58489319e+07  7.89210595e-01  1.58489319e+07  9.53546339e-04  1.58489319e+07  1.00000000e+00 
 1.67880402e+07  1.79029217e+01  1.67880402e+07  1.00000000e+00  1.67880402e+07  7.84702722e-01  1.67880402e+07  7.84702722e-01  1.67880402e+07  1.00723645e-03  1.67880402e+07  1.00000000e+00 
 1.77827941e+07  1.72418494e+01  1.77827941e+07  1.00000000e+00  1.77827941e+07  7.80330730e-01  1.77827941e+07  7.80330730e-01  1.77827941e+07  1.06631695e-03  1.77827941e+07  1.00000000e+00 
 1.88364909e+07  1.65080190e+01  1.88364909e+07  1.00000000e+00  1.88364909e+07  7.76106076e-01  1.88364909e+07  7.76106076e-01  1.88364909e+07  1.13232042e-03  1.88364909e+07  1.00000000e+00 
 1.99526231e+07  1.57075812e+01  1.99526231e+07  1.00000000e+00  1.99526231e+07  7.72039559e-01  1.99526231e+07  7.72039560e-01  1.99526231e+07  1.20715393e-03  1.99526231e+07  1.00000000e+00 
 2.11348904e+07  1.48514157e+01  2.11348904e+07  1.00000000e+00  2.11348904e+07  7.68140930e-01  2.11348904e+07  7.68140931e-01  2.11348904e+07  1.29313730e-03  2.11348904e+07  1.00000000e+00 
 2.23872114e+07  1.39547560e+01  2.23872114e+07  1.00000000e+00  2.23872114e+07  7.64418549e-01  2.23872114e+07  7.64418550e-01  2.23872114e+07  1.39302723e-03  2.23872114e+07  1.00000000e+00 
 2.37137371e+07  1.30369549e+01  2.37137371e+07  1.00000000e+00  2.37137371e+07  7.60879118e-01  2.37137371e+07  7.60879118e-01  2.37137371e+07  1.51002346e-03  2.37137371e+07  1.00000000e+00 
 2.51188643e+07  1.21199832e+01  2.51188643e+07  1.00000000e+00  2.51188643e+07  7.57527493e-01  2.51188643e+07  7.57527493e-01  2.51188643e+07  1.64775709e-03  2.51188643e+07  1.00000000e+00 
 2.66072506e+07  1.12265311e+01  2.66072506e+07  1.00000000e+00  2.66072506e+07  7.54366591e-01  2.66072506e+07  7.54366591e-01  2.66072506e+07  1.81026596e-03  2.66072506e+07  1.00000000e+00 
 2.81838293e+07  1.03775387e+01  2.81838293e+07  1.00000000e+00  2.81838293e+07  7.51397372e-01  2.81838293e+07  7.51397372e-01  2.81838293e+07  2.00196660e-03  2.81838293e+07  1.00000000e+00 
 2.98538262e+07  9.59027211e+00  2.98538262e+07  1.00000000e+00  2.98538262e+07  7.48618908e-01  2.98538262e+07  7.48618908e-01  2.98538262e+07  2.22763387e-03  2.98538262e+07  1.00000000e+00 
 3.16227766e+07  8.87669803e+00  3.16227766e+07  1.00000000e+00  3.16227766e+07  7.46028508e-01  3.16227766e+07  7.46028508e-01  3.16227766e+07  2.49239837e-03  3.16227766e+07  1.00000000e+00 
 3.34965439e+07  8.24316677e+00  3.34965439e+07  1.00000000e+00  3.34965439e+07  7.43621897e-01  3.34965439e+07  7.43621897e-01  3.34965439e+07  2.80176741e-03  3.34965439e+07  1.00000000e+00 
 3.54813389e+07  7.69065786e+00  3.54813389e+07  1.00000000e+00  3.54813389e+07  7.41393423e-01  3.54813389e+07  7.41393424e-01  3.54813389e+07  3.16167086e-03  3.54813389e+07  9.99999999e-01 
 3.75837404e+07  7.21586114e+00  3.75837404e+07  1.00000000e+00  3.75837404e+07  7.39336290e-01  3.75837404e+07  7.39336290e-01  3.75837404e+07  3.57852962e-03  3.75837404e+07  9.99999999e-01 
 3.98107171e+07  6.81244961e+00  3.98107171e+07  1.00000000e+00  3.98107171e+07  7.37442787e-01  3.98107171e+07  7.37442787e-01  3.98107171e+07  4.05934258e-03  3.98107171e+07  9.99999999e-01 
 4.21696503e+07  6.47234459e+00  4.21696503e+07  1.00000000e+00  4.21696503e+07  7.35704520e-01  4.21696503e+07  7.35704521e-01  4.21696503e+07  4.61178849e-03  4.21696503e+07  9.99999999e-01 
 4.46683592e+07  6.18681503e+00  4.46683592e+07  1.00000000e+00  4.46683592e+07  7.34112625e-01  4.46683592e+07  7.34112626e-01  4.46683592e+07  5.24434012e-03  4.46683592e+07  9.99999999e-01 
 4.73151259e+07  5.94728583e+00  4.73151259e+07  1.00000000e+00  4.73151259e+07  7.32657961e-01  4.73151259e+07  7.32657962e-01  4.73151259e+07  5.96638949e-03  4.73151259e+07  9.99999999e-01 
 5.01187234e+07  5.74585796e+00  5.01187234e+07  1.00000000e+00  5.01187234e+07  7.31331281e-01  5.01187234e+07  7.31331282e-01  5.01187234e+07  6.78838464e-03  5.01187234e+07  9.99999998e-01 
 5.30884444e+07  5.57558559e+00  5.30884444e+07  1.00000000e+00  5.30884444e+07  7.30123376e-01  5.30884444e+07  7.30123377e-01  5.30884444e+07  7.72197890e-03  5.30884444e+07  9.99999998e-01 
 5.62341325e+07  5.43058422e+00  5.62341325e+07  1.00000000e+00  5.62341325e+07  7.29025196e-01  5.62341325e+07  7.29025198e-01  5.62341325e+07  8.78019462e-03  5.62341325e+07  9.99999997e-01 
 5.95662144e+07  5.30600420e+00  5.95662144e+07  1.00000000e+00  5.95662144e+07  7.28027945e-01  5.95662144e+07  7.28027947e-01  5.95662144e+07  9.97760340e-03  5.95662144e+07  9.99999996e-01 
 6.30957344e+07  5.19794058e+00  6.30957344e+07  1.00000000e+00  6.30957344e+07  7.27123149e-01  6.30957344e+07  7.27123152e-01  6.30957344e+07  1.13305254e-02  6.30957344e+07  9.99999996e-01 
 6.68343918e+07  5.10330790e+00  6.68343918e+07  1.00000001e+00  6.68343918e+07  7.26302714e-01  6.68343918e+07  7.26302717e-01  6.68343918e+07  1.28572500e-02  6.68343918e+07  9.99999994e-01 
 7.07945784e+07  5.01969590e+00  7.07945784e+07  1.00000001e+00  7.07945784e+07  7.25558954e-01  7.07945784e+07  7.25558958e-01  7.07945784e+07  1.45782811e-02  7.07945784e+07  9.99999993e-01 
 7.49894209e+07  4.94524280e+00  7.49894209e+07  1.00000001e+00  7.49894209e+07  7.24884615e-01  7.49894209e+07  7.24884620e-01  7.49894209e+07  1.65166096e-02  7.49894209e+07  9.99999991e-01 
 7.94328235e+07  4.87851434e+00  7.94328235e+07  1.00000001e+00  7.94328235e+07  7.24272875e-01  7.94328235e+07  7.24272882e-01  7.94328235e+07  1.86980164e-02  7.94328235e+07  9.99999989e-01 
 8.41395142e+07  4.81840531e+00  8.41395142e+07  1.00000001e+00  8.41395142e+07  7.23717345e-01  8.41395142e+07  7.23717354e-01  8.41395142e+07  2.11514097e-02  8.41395142e+07  9.99999986e-01 
 8.91250938e+07  4.76405824e+00  8.91250938e+07  1.00000002e+00  8.91250938e+07  7.23212053e-01  8.91250938e+07  7.23212064e-01  8.91250938e+07  2.39092003e-02  8.91250938e+07  9.99999982e-01 
 9.44060876e+07  4.71479929e+00  9.44060876e+07  1.00000002e+00  9.44060876e+07  7.22751424e-01  9.44060876e+07  7.22751438e-01  9.44060876e+07  2.70077191e-02  9.44060876e+07  9.99999978e-01 
 1.00000000e+08  4.67008900e+00  1.00000000e+08  1.00000003e+00  1.00000000e+08  7.22330256e-01  1.00000000e+08  7.22330273e-01  1.00000000e+08  3.04876820e-02  1.00000000e+08  9.99999972e-01 
 1.05925373e+08  4.62948585e+00  1.05925373e+08  1.00000003e+00  1.05925373e+08  7.21943694e-01  1.05925373e+08  7.21943715e-01  1.05925373e+08  3.43947059e-02  1.05925373e+08  9.99999965e-01 
 1.12201845e+08  4.59261859e+00  1.12201845e+08  1.00000004e+00  1.12201845e+08  7.21587219e-01  1.12201845e+08  7.21587245e-01  1.12201845e+08  3.87798848e-02  1.12201845e+08  9.99999956e-01 
 1.18850223e+08  4.55916468e+00  1.18850223e+08  1.00000005e+00  1.18850223e+08  7.21256764e-01  1.18850223e+08  7.21256797e-01  1.18850223e+08  4.37004359e-02  1.18850223e+08  9.99999945e-01 
 1.25892541e+08  4.52881467e+00  1.25892541e+08  1.00000006e+00  1.25892541e+08  7.20950003e-01  1.25892541e+08  7.20950045e-01  1.25892541e+08  4.92204827e-02  1.25892541e+08  9.99999930e-01 
 1.33352143e+08  4.50123309e+00  1.33352143e+08  1.00000008e+00  1.33352143e+08  7.20669229e-01  1.33352143e+08  7.20669280e-01  1.33352143e+08  5.54119267e-02  1.33352143e+08  9.99999913e-01 
 1.41253754e+08  4.47650041e+00  1.41253754e+08  1.00000010e+00  1.41253754e+08  7.20392049e-01  1.41253754e+08  7.20392114e-01  1.41253754e+08  6.23537931e-02  1.41253754e+08  9.99999890e-01 
 1.49623566e+08  4.45423224e+00  1.49623566e+08  1.00000013e+00  1.49623566e+08  7.20124125e-01  1.49623566e+08  7.20124207e-01  1.49623566e+08  7.01362179e-02  1.49623566e+08  9.99999862e-01 
 1.58489319e+08  4.43419157e+00  1.58489319e+08  1.00000016e+00  1.58489319e+08  7.19865659e-01  1.58489319e+08  7.19865761e-01  1.58489319e+08  7.88593285e-02  1.58489319e+08  9.99999826e-01 
 1.67880402e+08  4.41621957e+00  1.67880402e+08  1.00000020e+00  1.67880402e+08  7.19612404e-01  1.67880402e+08  7.19612532e-01  1.67880402e+08  8.86346742e-02  1.67880402e+08  9.99999782e-01 
 1.77827941e+08  4.40015973e+00  1.77827941e+08  1.00000025e+00  1.77827941e+08  7.19360755e-01  1.77827941e+08  7.19360916e-01  1.77827941e+08  9.95867450e-02  1.77827941e+08  9.99999726e-01 
 1.88364909e+08  4.38586474e+00  1.88364909e+08  1.00000032e+00  1.88364909e+08  7.19107353e-01  1.88364909e+08  7.19107555e-01  1.88364909e+08  1.11854331e-01  1.88364909e+08  9.99999656e-01 
 1.99526231e+08  4.37319859e+00  1.99526231e+08  1.00000040e+00  1.99526231e+08  7.18848891e-01  1.99526231e+08  7.18849144e-01  1.99526231e+08  1.25592024e-01  1.99526231e+08  9.99999568e-01 
 2.11348904e+08  4.36203716e+00  2.11348904e+08  1.00000050e+00  2.11348904e+08  7.18582034e-01  2.11348904e+08  7.18582352e-01  2.11348904e+08  1.40971849e-01  2.11348904e+08  9.99999458e-01 
 2.23872114e+08  4.35226809e+00  2.23872114e+08  1.00000063e+00  2.23872114e+08  7.18303359e-01  2.23872114e+08  7.18303757e-01  2.23872114e+08  1.58185035e-01  2.23872114e+08  9.99999319e-01 
 2.37137371e+08  4.34379062e+00  2.37137371e+08  1.00000079e+00  2.37137371e+08  7.18009306e-01  2.37137371e+08  7.18009806e-01  2.37137371e+08  1.77443909e-01  2.37137371e+08  9.99999146e-01 
 2.51188643e+08  4.33651530e+00  2.51188643e+08  1.00000099e+00  2.51188643e+08  7.17696144e-01  2.51188643e+08  7.17696770e-01  2.51188643e+08  1.98983919e-01  2.51188643e+08  9.99998928e-01 
 2.66072506e+08  4.33036367e+00  2.66072506e+08  1.00000124e+00  2.66072506e+08  7.17359917e-01  2.66072506e+08  7.17360703e-01  2.66072506e+08  2.23065773e-01  2.66072506e+08  9.99998656e-01 
 2.81838293e+08  4.32526794e+00  2.81838293e+08  1.00000155e+00  2.81838293e+08  7.16996413e-01  2.81838293e+08  7.16997397e-01  2.81838293e+08  2.49977682e-01  2.81838293e+08  9.99998315e-01 
 2.98538262e+08  4.32117060e+00  2.98538262e+08  1.00000194e+00  2.98538262e+08  7.16601109e-01  2.98538262e+08  7.16602342e-01  2.98538262e+08  2.80037682e-01  2.98538262e+08  9.99997888e-01 
 3.16227766e+08  4.31802412e+00  3.16227766e+08  1.00000243e+00  3.16227766e+08  7.16169136e-01  3.16227766e+08  7.16170679e-01  3.16227766e+08  3.13596004e-01  3.16227766e+08  9.99997355e-01 
 3.34965439e+08  4.31579053e+00  3.34965439e+08  1.00000304e+00  3.34965439e+08  7.15695225e-01  3.34965439e+08  7.15697156e-01  3.34965439e+08  3.51037458e-01  3.34965439e+08  9.99996689e-01 
 3.54813389e+08  4.31444111e+00  3.54813389e+08  1.00000380e+00  3.54813389e+08  7.15173665e-01  3.54813389e+08  7.15176081e-01  3.54813389e+08  3.92783758e-01  3.54813389e+08  9.99995857e-01 
 3.75837404e+08  4.31395599e+00  3.75837404e+08  1.00000475e+00  3.75837404e+08  7.14598253e-01  3.75837404e+08  7.14601273e-01  3.75837404e+08  4.39295741e-01  3.75837404e+08  9.99994819e-01 
 3.98107171e+08  4.31432379e+00  3.98107171e+08  1.00000592e+00  3.98107171e+08  7.13962247e-01  3.98107171e+08  7.13966019e-01  3.98107171e+08  4.91075372e-01  3.98107171e+08  9.99993527e-01 
 4.21696503e+08  4.31554117e+00  4.21696503e+08  1.00000739e+00  4.21696503e+08  7.13258320e-01  4.21696503e+08  7.13263029e-01  4.21696503e+08  5.48667442e-01  4.21696503e+08  9.99991919e-01 
 4.46683592e+08  4.31761244e+00  4.46683592e+08  1.00000920e+00  4.46683592e+08  7.12478514e-01  4.46683592e+08  7.12484386e-01  4.46683592e+08  6.12660817e-01  4.46683592e+08  9.99989921e-01 
 4.73151259e+08  4.32054897e+00  4.73151259e+08  1.00001145e+00  4.73151259e+08  7.11614199e-01  4.73151259e+08  7.11621516e-01  4.73151259e+08  6.83689109e-01  4.73151259e+08  9.99987441e-01 
 5.01187234e+08  4.32436861e+00  5.01187234e+08  1.00001423e+00  5.01187234e+08  7.10656038e-01  5.01187234e+08  7.10665146e-01  5.01187234e+08  7.62430584e-01  5.01187234e+08  9.99984369e-01 
 5.30884444e+08  4.32909488e+00  5.30884444e+08  1.00001765e+00  5.30884444e+08  7.09593958e-01  5.30884444e+08  7.09605281e-01  5.30884444e+08  8.49607124e-01  5.30884444e+08  9.99980569e-01 
 5.62341325e+08  4.33475602e+00  5.62341325e+08  1.00002187e+00  5.62341325e+08  7.08417132e-01  5.62341325e+08  7.08431189e-01  5.62341325e+08  9.45982047e-01  5.62341325e+08  9.99975879e-01 
 5.95662144e+08  4.34138375e+00  5.95662144e+08  1.00002706e+00  5.95662144e+08  7.07113974e-01  5.95662144e+08  7.07131402e-01  5.95662144e+08  1.05235659e+00  5.95662144e+08  9.99970102e-01 
 6.30957344e+08  4.34901172e+00  6.30957344e+08  1.00003340e+00  6.30957344e+08  7.05672157e-01  6.30957344e+08  7.05693729e-01  6.30957344e+08  1.16956482e+00  6.30957344e+08  9.99963002e-01 
 6.68343918e+08  4.35767351e+00  6.68343918e+08  1.00004116e+00  6.68343918e+08  7.04078644e-01  6.68343918e+08  7.04105300e-01  6.68343918e+08  1.29846690e+00  6.68343918e+08  9.99954299e-01 
 7.07945784e+08  4.36740012e+00  7.07945784e+08  1.00005060e+00  7.07945784e+08  7.02319759e-01  7.07945784e+08  7.02352633e-01  7.07945784e+08  1.43994042e+00  7.07945784e+08  9.99943661e-01 
 7.49894209e+08  4.37821673e+00  7.49894209e+08  1.00006205e+00  7.49894209e+08  7.00381278e-01  7.49894209e+08  7.00421739e-01  7.49894209e+08  1.59486997e+00  7.49894209e+08  9.99930695e-01 
 7.94328235e+08  4.39013879e+00  7.94328235e+08  1.00007591e+00  7.94328235e+08  6.98248573e-01  7.94328235e+08  6.98298260e-01  7.94328235e+08  1.76413474e+00  7.94328235e+08  9.99914944e-01 
 8.41395142e+08  4.40316699e+00  8.41395142e+08  1.00009259e+00  8.41395142e+08  6.95906790e-01  8.41395142e+08  6.95967660e-01  8.41395142e+08  1.94859459e+00  8.41395142e+08  9.99895875e-01 
 8.91250938e+08  4.41728120e+00  8.91250938e+08  1.00011259e+00  8.91250938e+08  6.93341082e-01  8.91250938e+08  6.93415459e-01  8.91250938e+08  2.14907477e+00  8.91250938e+08  9.99872876e-01 
 9.44060876e+08  4.43243304e+00  9.44060876e+08  1.00013647e+00  9.44060876e+08  6.90536901e-01  9.44060876e+08  6.90627532e-01  9.44060876e+08  2.36634986e+00  9.44060876e+08  9.99845248e-01 
 1.00000000e+09  4.44853695e+00  1.00000000e+09  1.00016484e+00  1.00000000e+09  6.87480339e-01  1.00000000e+09  6.87590450e-01  1.00000000e+09  2.60112766e+00  1.00000000e+09  9.99812199e-01 
 1.05925373e+09  4.46545958e+00  1.05925373e+09  1.00019838e+00  1.05925373e+09  6.84158534e-01  1.05925373e+09  6.84291899e-01  1.05925373e+09  2.85403403e+00  1.05925373e+09  9.99772845e-01 
 1.12201845e+09  4.48300744e+00  1.12201845e+09  1.00023780e+00  1.12201845e+09  6.80560136e-01  1.12201845e+09  6.80721132e-01  1.12201845e+09  3.12559958e+00  1.12201845e+09  9.99726205e-01 
 1.18850223e+09  4.50091274e+00  1.18850223e+09  1.00028388e+00  1.18850223e+09  6.76675806e-01  1.18850223e+09  6.76869491e-01  1.18850223e+09  3.41624954e+00  1.18850223e+09  9.99671206e-01 
 1.25892541e+09  4.51881751e+00  1.25892541e+09  1.00033742e+00  1.25892541e+09  6.72498773e-01  1.25892541e+09  6.72730948e-01  1.25892541e+09  3.72629776e+00  1.25892541e+09  9.99606693e-01 
 1.33352143e+09  4.53625654e+00  1.33352143e+09  1.00039922e+00  1.33352143e+09  6.68025392e-01  1.33352143e+09  6.68302671e-01  1.33352143e+09  4.05594589e+00  1.33352143e+09  9.99531433e-01 
 1.41253754e+09  4.55263963e+00  1.41253754e+09  1.00047009e+00  1.41253754e+09  6.63255717e-01  1.41253754e+09  6.63585591e-01  1.41253754e+09  4.40528797e+00  1.41253754e+09  9.99444138e-01 
 1.49623566e+09  4.56723480e+00  1.49623566e+09  1.00055079e+00  1.49623566e+09  6.58194031e-01  1.49623566e+09  6.58584932e-01  1.49623566e+09  4.77432030e+00  1.49623566e+09  9.99343485e-01 
 1.58489319e+09  4.57915425e+00  1.58489319e+09  1.00064199e+00  1.58489319e+09  6.52849322e-01  1.58489319e+09  6.53310681e-01  1.58489319e+09  5.16295485e+00  1.58489319e+09  9.99228146e-01 
 1.67880402e+09  4.58734685e+00  1.67880402e+09  1.00074424e+00  1.67880402e+09  6.47235660e-01  1.67880402e+09  6.47777962e-01  1.67880402e+09  5.57103273e+00  1.67880402e+09  9.99096824e-01 
 1.77827941e+09  4.59060216e+00  1.77827941e+09  1.00085793e+00  1.77827941e+09  6.41372443e-01  1.77827941e+09  6.42007275e-01  1.77827941e+09  5.99833173e+00  1.77827941e+09  9.98948299e-01 
 1.88364909e+09  4.58757401e+00  1.88364909e+09  1.00098318e+00  1.88364909e+09  6.35284483e-01  1.88364909e+09  6.36024572e-01  1.88364909e+09  6.44455772e+00  1.88364909e+09  9.98781476e-01 
 1.99526231e+09  4.57683561e+00  1.99526231e+09  1.00111984e+00  1.99526231e+09  6.29001889e-01  1.99526231e+09  6.29861141e-01  1.99526231e+09  6.90930403e+00  1.99526231e+09  9.98595446e-01 
 2.11348904e+09  4.55698362e+00  2.11348904e+09  1.00126739e+00  2.11348904e+09  6.22559732e-01  2.11348904e+09  6.23553258e-01  2.11348904e+09  7.39195483e+00  2.11348904e+09  9.98389542e-01 
 2.23872114e+09  4.52681671e+00  2.23872114e+09  1.00142491e+00  2.23872114e+09  6.15997453e-01  2.23872114e+09  6.17141592e-01  2.23872114e+09  7.89149640e+00  2.23872114e+09  9.98163387e-01 
 2.37137371e+09  4.48562523e+00  2.37137371e+09  1.00159113e+00  2.37137371e+09  6.09357985e-01  2.37137371e+09  6.10670320e-01  2.37137371e+09  8.40618430e+00  2.37137371e+09  9.97916910e-01 
 2.51188643e+09  4.43364236e+00  2.51188643e+09  1.00176457e+00  2.51188643e+09  6.02686522e-01  2.51188643e+09  6.04185891e-01  2.51188643e+09  8.93299470e+00  2.51188643e+09  9.97650288e-01 
 2.66072506e+09  4.37272260e+00  2.66072506e+09  1.00194394e+00  2.66072506e+09  5.96028838e-01  2.66072506e+09  5.97735344e-01  2.66072506e+09  9.46676979e+00  2.66072506e+09  9.97363743e-01 
 2.81838293e+09  4.30732395e+00  2.81838293e+09  1.00212899e+00  2.81838293e+09  5.89429010e-01  2.81838293e+09  5.91364037e-01  2.81838293e+09  9.99896500e+00  2.81838293e+09  9.97057073e-01 
 2.98538262e+09  4.24586055e+00  2.98538262e+09  1.00232192e+00  2.98538262e+09  5.82926352e-01  2.98538262e+09  5.85112592e-01  2.98538262e+09  1.05159578e+01  2.98538262e+09  9.96728762e-01 
 3.16227766e+09  4.20242987e+00  3.16227766e+09  1.00252981e+00  3.16227766e+09  5.76551469e-01  3.16227766e+09  5.79012972e-01  3.16227766e+09  1.09970539e+01  3.16227766e+09  9.96374489e-01 
 3.34965439e+09  4.19875176e+00  3.34965439e+09  1.00276783e+00  3.34965439e+09  5.70321730e-01  3.34965439e+09  5.73083982e-01  3.34965439e+09  1.14127303e+01  3.34965439e+09  9.95985035e-01 
 3.54813389e+09  4.26583778e+00  3.54813389e+09  1.00306249e+00  3.54813389e+09  5.64237443e-01  3.54813389e+09  5.67327449e-01  3.54813389e+09  1.17243306e+01  3.54813389e+09  9.95544023e-01 
 3.75837404e+09  4.44448523e+00  3.75837404e+09  1.00345302e+00  3.75837404e+09  5.58281465e-01  3.75837404e+09  5.61727779e-01  3.75837404e+09  1.18871286e+01  3.75837404e+09  9.95026817e-01 
 3.98107171e+09  4.78346040e+00  3.98107171e+09  1.00398740e+00  3.98107171e+09  5.52425845e-01  3.98107171e+09  5.56258426e-01  3.98107171e+09  1.18585010e+01  3.98107171e+09  9.94402714e-01 
 4.21696503e+09  5.33477297e+00  4.21696503e+09  1.00471111e+00  4.21696503e+09  5.46646815e-01  4.21696503e+09  5.50896580e-01  4.21696503e+09  1.16106335e+01  4.21696503e+09  9.93641995e-01 
 4.46683592e+09  6.14705266e+00  4.46683592e+09  1.00565144e+00  4.46683592e+09  5.40942847e-01  4.46683592e+09  5.45640888e-01  4.46683592e+09  1.11428591e+01  4.46683592e+09  9.92726182e-01 
 4.73151259e+09  7.25979620e+00  4.73151259e+09  1.00680604e+00  4.73151259e+09  5.35344554e-01  4.73151259e+09  5.40521180e-01  4.73151259e+09  1.04860724e+01  4.73151259e+09  9.91655833e-01 
 5.01187234e+09  8.70124879e+00  5.01187234e+09  1.00814402e+00  5.01187234e+09  5.29908548e-01  5.01187234e+09  5.35592420e-01  5.01187234e+09  9.69521169e+00  5.01187234e+09  9.90450433e-01 
 5.30884444e+09  1.04904012e+01  5.30884444e+09  1.00961836e+00  5.30884444e+09  5.24699392e-01  5.30884444e+09  5.30916958e-01  5.30884444e+09  8.83380747e+00  5.30884444e+09  9.89140649e-01 
 5.62341325e+09  1.26411229e+01  5.62341325e+09  1.01118092e+00  5.62341325e+09  5.19771747e-01  5.62341325e+09  5.26546963e-01  5.62341325e+09  7.95915289e+00  5.62341325e+09  9.87758584e-01 
 5.95662144e+09  1.51659661e+01  5.95662144e+09  1.01279233e+00  5.95662144e+09  5.15161218e-01  5.95662144e+09  5.22515416e-01  5.95662144e+09  7.11398990e+00  5.95662144e+09  9.86331257e-01 
 6.30957344e+09  1.80783678e+01  6.30957344e+09  1.01442475e+00  6.30957344e+09  5.10884165e-01  6.30957344e+09  5.18835950e-01  6.30957344e+09  6.32508945e+00  6.30957344e+09  9.84878588e-01 
 6.68343918e+09  2.13932766e+01  6.68343918e+09  1.01606026e+00  6.68343918e+09  5.06942279e-01  6.68343918e+09  5.15507385e-01  6.68343918e+09  5.60594106e+00  6.68343918e+09  9.83414348e-01 
 7.07945784e+09  2.51267942e+01  7.07945784e+09  1.01768772e+00  7.07945784e+09  5.03328032e-01  7.07945784e+09  5.12519151e-01  7.07945784e+09  4.96069704e+00  7.07945784e+09  9.81948117e-01 
 7.49894209e+09  2.92954093e+01  7.49894209e+09  1.01929992e+00  7.49894209e+09  5.00029095e-01  7.49894209e+09  5.09855717e-01  7.49894209e+09  4.38773442e+00  7.49894209e+09  9.80487074e-01 
 7.94328235e+09  3.39151961e+01  7.94328235e+09  1.02089157e+00  7.94328235e+09  4.97031314e-01  7.94328235e+09  5.07499607e-01  7.94328235e+09  3.88228454e+00  7.94328235e+09  9.79037225e-01 
 8.41395142e+09  3.90011690e+01  8.41395142e+09  1.02245818e+00  8.41395142e+09  4.94320487e-01  8.41395142e+09  5.05433258e-01  8.41395142e+09  3.43815544e+00  8.41395142e+09  9.77604088e-01 
 8.91250938e+09  4.45668803e+01  8.91250938e+09  1.02399547e+00  8.91250938e+09  4.91883346e-01  8.91250938e+09  5.03640090e-01  8.91250938e+09  3.04876520e+00  8.91250938e+09  9.76192966e-01 
 9.44060876e+09  5.06243023e+01  9.44060876e+09  1.02549924e+00  9.44060876e+09  4.89708043e-01  9.44060876e+09  5.02105101e-01  9.44060876e+09  2.70771286e+00  9.44060876e+09  9.74808981e-01 
 1.00000000e+10  5.71840171e+01  1.00000000e+10  1.02696540e+00  1.00000000e+10  4.87784373e-01  1.00000000e+10  5.00815183e-01  1.00000000e+10  2.40906209e+00  1.00000000e+10  9.73456969e-01 
 1.05925373e+10  6.42557376e+01  1.05925373e+10  1.02839019e+00  1.05925373e+10  4.86103847e-01  1.05925373e+10  4.99759303e-01  1.05925373e+10  2.14745664e+00  1.05925373e+10  9.72141304e-01 
 1.12201845e+10  7.18491886e+01  1.12201845e+10  1.02977032e+00  1.12201845e+10  4.84659698e-01  1.12201845e+10  4.98928591e-01  1.12201845e+10  1.91814247e+00  1.12201845e+10  9.70865718e-01 
 1.18850223e+10  7.99753790e+01  1.18850223e+10  1.03110325e+00  1.18850223e+10  4.83446856e-01  1.18850223e+10  4.98316400e-01  1.18850223e+10  1.71694158e+00  1.18850223e+10  9.69633123e-01 
 1.25892541e+10  8.86483104e+01  1.25892541e+10  1.03238733e+00  1.25892541e+10  4.82461914e-01  1.25892541e+10  4.97918337e-01  1.25892541e+10  1.54020366e+00  1.25892541e+10  9.68445453e-01 
 1.33352143e+10  9.78871710e+01  1.33352143e+10  1.03362200e+00  1.33352143e+10  4.81703096e-01  1.33352143e+10  4.97732289e-01  1.33352143e+10  1.38474987e+00  1.33352143e+10  9.67303535e-01 
 1.41253754e+10  1.07719078e+02  1.41253754e+10  1.03480793e+00  1.41253754e+10  4.81170218e-01  1.41253754e+10  4.97758435e-01  1.41253754e+10  1.24781643e+00  1.41253754e+10  9.66206987e-01 
 1.49623566e+10  1.18182446e+02  1.49623566e+10  1.03594711e+00  1.49623566e+10  4.80864660e-01  1.49623566e+10  4.97999258e-01  1.49623566e+10  1.12700187e+00  1.49623566e+10  9.65154133e-01 
 1.58489319e+10  1.29331087e+02  1.58489319e+10  1.03704294e+00  1.58489319e+10  4.80789338e-01  1.58489319e+10  4.98459551e-01  1.58489319e+10  1.02021947e+00  1.58489319e+10  9.64141949e-01 
 1.67880402e+10  1.41239165e+02  1.67880402e+10  1.03810035e+00  1.67880402e+10  4.80948656e-01  1.67880402e+10  4.99146408e-01  1.67880402e+10  9.25655230e-01  1.67880402e+10  9.63166008e-01 
 1.77827941e+10  1.54007200e+02  1.77827941e+10  1.03912579e+00  1.77827941e+10  4.81348463e-01  1.77827941e+10  5.00069206e-01  1.77827941e+10  8.41731393e-01  1.77827941e+10  9.62220459e-01 
 1.88364909e+10  1.67769361e+02  1.88364909e+10  1.04012728e+00  1.88364909e+10  4.81995981e-01  1.88364909e+10  5.01239563e-01  1.88364909e+10  7.67074829e-01  1.88364909e+10  9.61298000e-01 
 1.99526231e+10  1.82702433e+02  1.99526231e+10  1.04111446e+00  1.99526231e+10  4.82899705e-01  1.99526231e+10  5.02671265e-01  1.99526231e+10  7.00489908e-01  1.99526231e+10  9.60389879e-01 
 2.11348904e+10  1.99036942e+02  2.11348904e+10  1.04209857e+00  2.11348904e+10  4.84069276e-01  2.11348904e+10  5.04380156e-01  2.11348904e+10  6.40935201e-01  2.11348904e+10  9.59485912e-01 
 2.23872114e+10  2.17071204e+02  2.23872114e+10  1.04309240e+00  2.23872114e+10  4.85515303e-01  2.23872114e+10  5.06383980e-01  2.23872114e+10  5.87503513e-01  2.23872114e+10  9.58574527e-01 
 2.37137371e+10  2.37189364e+02  2.37137371e+10  1.04411023e+00  2.37137371e+10  4.87249141e-01  2.37137371e+10  5.08702153e-01  2.37137371e+10  5.39404758e-01  2.37137371e+10  9.57642844e-01 
 2.51188643e+10  2.59884935e+02  2.51188643e+10  1.04516772e+00  2.51188643e+10  4.89282613e-01  2.51188643e+10  5.11355467e-01  2.51188643e+10  4.95951258e-01  2.51188643e+10  9.56676806e-01 
 2.66072506e+10  2.85792086e+02  2.66072506e+10  1.04628172e+00  2.66072506e+10  4.91627673e-01  2.66072506e+10  5.14365713e-01  2.66072506e+10  4.56545113e-01  2.66072506e+10  9.55661374e-01 
 2.81838293e+10  3.15727906e+02  2.81838293e+10  1.04746999e+00  2.81838293e+10  4.94296017e-01  2.81838293e+10  5.17755203e-01  2.81838293e+10  4.20667316e-01  2.81838293e+10  9.54580787e-01 
 2.98538262e+10  3.50750382e+02  2.98538262e+10  1.04875084e+00  2.98538262e+10  4.97298637e-01  2.98538262e+10  5.21546204e-01  2.98538262e+10  3.87868351e-01  2.98538262e+10  9.53418917e-01 
