 1.00000000e+07  1.24314419e+03  1.00000000e+07  1.00000000e+00  1.00000000e+07  8.16162182e-01  1.00000000e+07  8.16162182e-01  1.00000000e+07  9.82072898e-04  1.00000000e+07  1.00000000e+00 
 1.05925373e+07  1.21610162e+03  1.05925373e+07  1.00000000e+00  1.05925373e+07  8.12544145e-01  1.05925373e+07  8.12544145e-01  1.05925373e+07  1.06041958e-03  1.05925373e+07  1.00000000e+00 
 1.12201845e+07  1.18278831e+03  1.12201845e+07  1.00000000e+00  1.12201845e+07  8.09051153e-01  1.12201845e+07  8.09051153e-01  1.12201845e+07  1.14477264e-03  1.12201845e+07  1.00000000e+00 
 1.18850223e+07  1.14285363e+03  1.18850223e+07  1.00000000e+00  1.18850223e+07  8.05673558e-01  1.18850223e+07  8.05673559e-01  1.18850223e+07  1.23587953e-03  1.18850223e+07  1.00000000e+00 
 1.25892541e+07  1.09605276e+03  1.25892541e+07  1.00000000e+00  1.25892541e+07  8.02401557e-01  1.25892541e+07  8.02401557e-01  1.25892541e+07  1.33463834e-03  1.25892541e+07  1.00000000e+00 
 1.33352143e+07  1.04227139e+03  1.33352143e+07  1.00000000e+00  1.33352143e+07  7.99225547e-01  1.33352143e+07  7.99225547e-01  1.33352143e+07  1.44213175e-03  1.33352143e+07  1.00000000e+00 
 1.41253754e+07  9.81568384e+02  1.41253754e+07  1.00000000e+00  1.41253754e+07  7.96136452e-01  1.41253754e+07  7.96136452e-01  1.41253754e+07  1.55966848e-03  1.41253754e+07  1.00000000e+00 
 1.49623566e+07  9.14210063e+02  1.49623566e+07  1.00000000e+00  1.49623566e+07  7.93126004e-01  1.49623566e+07  7.93126004e-01  1.49623566e+07  1.68883347e-03  1.49623566e+07  9.99999999e-01 
 1.58489319e+07  8.40696262e+02  1.58489319e+07  1.00000000e+00  1.58489319e+07  7.90186978e-01  1.58489319e+07  7.90186978e-01  1.58489319e+07  1.83154731e-03  1.58489319e+07  9.99999999e-01 
 1.67880402e+07  7.61795506e+02  1.67880402e+07  1.00000000e+00  1.67880402e+07  7.87313380e-01  1.67880402e+07  7.87313380e-01  1.67880402e+07  1.99013536e-03  1.67880402e+07  9.99999999e-01 
 1.77827941e+07  6.78560883e+02  1.77827941e+07  1.00000000e+00  1.77827941e+07  7.84500584e-01  1.77827941e+07  7.84500585e-01  1.77827941e+07  2.16740590e-03  1.77827941e+07  9.99999999e-01 
 1.88364909e+07  5.92328566e+02  1.88364909e+07  1.00000000e+00  1.88364909e+07  7.81745416e-01  1.88364909e+07  7.81745417e-01  1.88364909e+07  2.36673596e-03  1.88364909e+07  9.99999999e-01 
 1.99526231e+07  5.04695578e+02  1.99526231e+07  1.00000000e+00  1.99526231e+07  7.79046176e-01  1.99526231e+07  7.79046177e-01  1.99526231e+07  2.59216219e-03  1.99526231e+07  9.99999999e-01 
 2.11348904e+07  4.17464967e+02  2.11348904e+07  1.00000000e+00  2.11348904e+07  7.76402612e-01  2.11348904e+07  7.76402613e-01  2.11348904e+07  2.84847334e-03  2.11348904e+07  9.99999999e-01 
 2.23872114e+07  3.32560651e+02  2.23872114e+07  1.00000000e+00  2.23872114e+07  7.73815833e-01  2.23872114e+07  7.73815834e-01  2.23872114e+07  3.14130047e-03  2.23872114e+07  9.99999999e-01 
 2.37137371e+07  2.51913209e+02  2.37137371e+07  1.00000000e+00  2.37137371e+07  7.71288169e-01  2.37137371e+07  7.71288169e-01  2.37137371e+07  3.47720109e-03  2.37137371e+07  9.99999999e-01 
 2.51188643e+07  1.77326463e+02  2.51188643e+07  1.00000000e+00  2.51188643e+07  7.68822984e-01  2.51188643e+07  7.68822985e-01  2.51188643e+07  3.86373487e-03  2.51188643e+07  9.99999999e-01 
 2.66072506e+07  1.10344092e+02  2.66072506e+07  1.00000000e+00  2.66072506e+07  7.66424451e-01  2.66072506e+07  7.66424452e-01  2.66072506e+07  4.30953030e-03  2.66072506e+07  9.99999999e-01 
 2.81838293e+07  5.21343911e+01  2.81838293e+07  1.00000000e+00  2.81838293e+07  7.64097296e-01  2.81838293e+07  7.64097296e-01  2.81838293e+07  4.82434448e-03  2.81838293e+07  1.00000000e+00 
 2.98538262e+07  3.40805821e+00  2.98538262e+07  1.00000000e+00  2.98538262e+07  7.61846529e-01  2.98538262e+07  7.61846529e-01  2.98538262e+07  5.41912039e-03  2.98538262e+07  1.00000000e+00 
 3.16227766e+07 -3.56133575e+01  3.16227766e+07  1.00000000e+00  3.16227766e+07  7.59677172e-01  3.16227766e+07  7.59677172e-01  3.16227766e+07  6.10604823e-03  3.16227766e+07  1.00000000e+00 
 3.34965439e+07 -6.51795194e+01  3.34965439e+07  9.99999999e-01  3.34965439e+07  7.57594006e-01  3.34965439e+07  7.57594005e-01  3.34965439e+07  6.89863799e-03  3.34965439e+07  1.00000000e+00 
 3.54813389e+07 -8.59481105e+01  3.54813389e+07  9.99999999e-01  3.54813389e+07  7.55601337e-01  3.54813389e+07  7.55601336e-01  3.54813389e+07  7.81181043e-03  3.54813389e+07  1.00000000e+00 
 3.75837404e+07 -9.88894905e+01  3.75837404e+07  9.99999998e-01  3.75837404e+07  7.53702810e-01  3.75837404e+07  7.53702808e-01  3.75837404e+07  8.86201300e-03  3.75837404e+07  1.00000000e+00 
 3.98107171e+07 -1.05175403e+02  3.98107171e+07  9.99999997e-01  3.98107171e+07  7.51901253e-01  3.98107171e+07  7.51901252e-01  3.98107171e+07  1.00673657e-02  3.98107171e+07  1.00000000e+00 
 4.21696503e+07 -1.06067707e+02  4.21696503e+07  9.99999997e-01  4.21696503e+07  7.50198587e-01  4.21696503e+07  7.50198585e-01  4.21696503e+07  1.14478409e-02  4.21696503e+07  1.00000000e+00 
 4.46683592e+07 -1.02819762e+02  4.46683592e+07  9.99999996e-01  4.46683592e+07  7.48595771e-01  4.46683592e+07  7.48595768e-01  4.46683592e+07  1.30254799e-02  4.46683592e+07  1.00000000e+00 
 4.73151259e+07 -9.65985919e+01  4.73151259e+07  9.99999995e-01  4.73151259e+07  7.47092797e-01  4.73151259e+07  7.47092793e-01  4.73151259e+07  1.48246498e-02  4.73151259e+07  1.00000000e+00 
 5.01187234e+07 -8.84316257e+01  5.01187234e+07  9.99999994e-01  5.01187234e+07  7.45688731e-01  5.01187234e+07  7.45688726e-01  5.01187234e+07  1.68723408e-02  5.01187234e+07  1.00000001e+00 
 5.30884444e+07 -7.91774000e+01  5.30884444e+07  9.99999993e-01  5.30884444e+07  7.44381775e-01  5.30884444e+07  7.44381770e-01  5.30884444e+07  1.91985089e-02  5.30884444e+07  1.00000001e+00 
 5.62341325e+07 -6.95170838e+01  5.62341325e+07  9.99999993e-01  5.62341325e+07  7.43169365e-01  5.62341325e+07  7.43169360e-01  5.62341325e+07  2.18364644e-02  5.62341325e+07  1.00000001e+00 
 5.95662144e+07 -5.99618790e+01  5.95662144e+07  9.99999992e-01  5.95662144e+07  7.42048278e-01  5.95662144e+07  7.42048272e-01  5.95662144e+07  2.48233107e-02  5.95662144e+07  1.00000001e+00 
 6.30957344e+07 -5.08710210e+01  6.30957344e+07  9.99999991e-01  6.30957344e+07  7.41014745e-01  6.30957344e+07  7.41014739e-01  6.30957344e+07  2.82004364e-02  6.30957344e+07  1.00000001e+00 
 6.68343918e+07 -4.24756232e+01  6.68343918e+07  9.99999990e-01  6.68343918e+07  7.40064579e-01  6.68343918e+07  7.40064571e-01  6.68343918e+07  3.20140648e-02  6.68343918e+07  1.00000001e+00 
 7.07945784e+07 -3.49042819e+01  7.07945784e+07  9.99999990e-01  7.07945784e+07  7.39193277e-01  7.07945784e+07  7.39193270e-01  7.07945784e+07  3.63158667e-02  7.07945784e+07  1.00000001e+00 
 7.49894209e+07 -2.82077203e+01  7.49894209e+07  9.99999990e-01  7.49894209e+07  7.38396140e-01  7.49894209e+07  7.38396132e-01  7.49894209e+07  4.11636410e-02  7.49894209e+07  1.00000001e+00 
 7.94328235e+07 -2.23807151e+01  7.94328235e+07  9.99999989e-01  7.94328235e+07  7.37668354e-01  7.94328235e+07  7.37668346e-01  7.94328235e+07  4.66220706e-02  7.94328235e+07  1.00000001e+00 
 8.41395142e+07 -1.73804220e+01  8.41395142e+07  9.99999989e-01  8.41395142e+07  7.37005083e-01  8.41395142e+07  7.37005075e-01  8.41395142e+07  5.27635609e-02  8.41395142e+07  1.00000001e+00 
 8.91250938e+07 -1.31409537e+01  8.91250938e+07  9.99999989e-01  8.91250938e+07  7.36401528e-01  8.91250938e+07  7.36401520e-01  8.91250938e+07  5.96691685e-02  8.91250938e+07  1.00000001e+00 
 9.44060876e+07 -9.58438461e+00  9.44060876e+07  9.99999990e-01  9.44060876e+07  7.35852980e-01  9.44060876e+07  7.35852972e-01  9.44060876e+07  6.74296299e-02  9.44060876e+07  1.00000001e+00 
 1.00000000e+08 -6.62870223e+00  1.00000000e+08  9.99999991e-01  1.00000000e+08  7.35354859e-01  1.00000000e+08  7.35354852e-01  1.00000000e+08  7.61464994e-02  1.00000000e+08  1.00000001e+00 
 1.05925373e+08 -4.19321907e+00  1.05925373e+08  9.99999992e-01  1.05925373e+08  7.34902735e-01  1.05925373e+08  7.34902729e-01  1.05925373e+08  8.59334076e-02  1.05925373e+08  1.00000001e+00 
 1.12201845e+08 -2.20201103e+00  1.12201845e+08  9.99999994e-01  1.12201845e+08  7.34492342e-01  1.12201845e+08  7.34492337e-01  1.12201845e+08  9.69174511e-02  1.12201845e+08  1.00000001e+00 
 1.18850223e+08 -5.85884589e-01  1.18850223e+08  9.99999996e-01  1.18850223e+08  7.34119590e-01  1.18850223e+08  7.34119587e-01  1.18850223e+08  1.09240727e-01  1.18850223e+08  1.00000000e+00 
 1.25892541e+08  7.16717256e-01  1.25892541e+08  9.99999999e-01  1.25892541e+08  7.33780599e-01  1.25892541e+08  7.33780598e-01  1.25892541e+08  1.23062024e-01  1.25892541e+08  1.00000000e+00 
 1.33352143e+08  1.75953218e+00  1.33352143e+08  1.00000000e+00  1.33352143e+08  7.33471743e-01  1.33352143e+08  7.33471744e-01  1.33352143e+08  1.38558689e-01  1.33352143e+08  9.99999996e-01 
 1.41253754e+08  2.58875705e+00  1.41253754e+08  1.00000001e+00  1.41253754e+08  7.33189713e-01  1.41253754e+08  7.33189717e-01  1.41253754e+08  1.55928671e-01  1.41253754e+08  9.99999991e-01 
 1.49623566e+08  3.24360831e+00  1.49623566e+08  1.00000001e+00  1.49623566e+08  7.32931546e-01  1.49623566e+08  7.32931555e-01  1.49623566e+08  1.75392755e-01  1.49623566e+08  9.99999984e-01 
 1.58489319e+08  3.75702441e+00  1.58489319e+08  1.00000002e+00  1.58489319e+08  7.32694589e-01  1.58489319e+08  7.32694603e-01  1.58489319e+08  1.97196990e-01  1.58489319e+08  9.99999976e-01 
 1.67880402e+08  4.15642266e+00  1.67880402e+08  1.00000003e+00  1.67880402e+08  7.32476402e-01  1.67880402e+08  7.32476423e-01  1.67880402e+08  2.21615312e-01  1.67880402e+08  9.99999965e-01 
 1.77827941e+08  4.46444747e+00  1.77827941e+08  1.00000004e+00  1.77827941e+08  7.32274669e-01  1.77827941e+08  7.32274698e-01  1.77827941e+08  2.48952384e-01  1.77827941e+08  9.99999952e-01 
 1.88364909e+08  4.69967392e+00  1.88364909e+08  1.00000006e+00  1.88364909e+08  7.32087147e-01  1.88364909e+08  7.32087187e-01  1.88364909e+08  2.79546641e-01  1.88364909e+08  9.99999936e-01 
 1.99526231e+08  4.87724565e+00  1.99526231e+08  1.00000008e+00  1.99526231e+08  7.31911655e-01  1.99526231e+08  7.31911707e-01  1.99526231e+08  3.13773555e-01  1.99526231e+08  9.99999916e-01 
 2.11348904e+08  5.00943973e+00  2.11348904e+08  1.00000010e+00  2.11348904e+08  7.31746077e-01  2.11348904e+08  7.31746145e-01  2.11348904e+08  3.52049082e-01  2.11348904e+08  9.99999891e-01 
 2.23872114e+08  5.10615798e+00  2.23872114e+08  1.00000013e+00  2.23872114e+08  7.31588374e-01  2.23872114e+08  7.31588462e-01  2.23872114e+08  3.94833281e-01  2.23872114e+08  9.99999860e-01 
 2.37137371e+08  5.17534758e+00  2.37137371e+08  1.00000017e+00  2.37137371e+08  7.31436579e-01  2.37137371e+08  7.31436692e-01  2.37137371e+08  4.42634052e-01  2.37137371e+08  9.99999821e-01 
 2.51188643e+08  5.22335769e+00  2.51188643e+08  1.00000021e+00  2.51188643e+08  7.31288787e-01  2.51188643e+08  7.31288930e-01  2.51188643e+08  4.96010943e-01  2.51188643e+08  9.99999772e-01 
 2.66072506e+08  5.25523832e+00  2.66072506e+08  1.00000027e+00  2.66072506e+08  7.31143140e-01  2.66072506e+08  7.31143321e-01  2.66072506e+08  5.55578950e-01  2.66072506e+08  9.99999712e-01 
 2.81838293e+08  5.27498891e+00  2.81838293e+08  1.00000034e+00  2.81838293e+08  7.30997813e-01  2.81838293e+08  7.30998042e-01  2.81838293e+08  6.22012196e-01  2.81838293e+08  9.99999636e-01 
 2.98538262e+08  5.28576366e+00  2.98538262e+08  1.00000043e+00  2.98538262e+08  7.30850993e-01  2.98538262e+08  7.30851282e-01  2.98538262e+08  6.96047369e-01  2.98538262e+08  9.99999543e-01 
 3.16227766e+08  5.29004009e+00  3.16227766e+08  1.00000054e+00  3.16227766e+08  7.30700865e-01  3.16227766e+08  7.30701227e-01  3.16227766e+08  7.78486731e-01  3.16227766e+08  9.99999426e-01 
 3.34965439e+08  5.28975669e+00  3.34965439e+08  1.00000067e+00  3.34965439e+08  7.30545586e-01  3.34965439e+08  7.30546041e-01  3.34965439e+08  8.70200489e-01  3.34965439e+08  9.99999281e-01 
 3.54813389e+08  5.28642498e+00  3.54813389e+08  1.00000084e+00  3.54813389e+08  7.30383277e-01  3.54813389e+08  7.30383846e-01  3.54813389e+08  9.72128244e-01  3.54813389e+08  9.99999101e-01 
 3.75837404e+08  5.28122029e+00  3.75837404e+08  1.00000105e+00  3.75837404e+08  7.30212002e-01  3.75837404e+08  7.30212713e-01  3.75837404e+08  1.08527921e+00  3.75837404e+08  9.99998877e-01 
 3.98107171e+08  5.27505521e+00  3.98107171e+08  1.00000131e+00  3.98107171e+08  7.30029751e-01  3.98107171e+08  7.30030638e-01  3.98107171e+08  1.21073077e+00  3.98107171e+08  9.99998600e-01 
 4.21696503e+08  5.26863887e+00  4.21696503e+08  1.00000162e+00  4.21696503e+08  7.29834427e-01  4.21696503e+08  7.29835534e-01  4.21696503e+08  1.34962496e+00  4.21696503e+08  9.99998255e-01 
 4.46683592e+08  5.26252483e+00  4.46683592e+08  1.00000202e+00  4.46683592e+08  7.29623837e-01  4.46683592e+08  7.29625216e-01  4.46683592e+08  1.50316227e+00  4.46683592e+08  9.99997829e-01 
 4.73151259e+08  5.25714973e+00  4.73151259e+08  1.00000250e+00  4.73151259e+08  7.29395672e-01  4.73151259e+08  7.29397389e-01  4.73151259e+08  1.67259226e+00  4.73151259e+08  9.99997301e-01 
 5.01187234e+08  5.25286470e+00  5.01187234e+08  1.00000310e+00  5.01187234e+08  7.29147508e-01  5.01187234e+08  7.29149642e-01  5.01187234e+08  1.85920017e+00  5.01187234e+08  9.99996650e-01 
 5.30884444e+08  5.24996096e+00  5.30884444e+08  1.00000384e+00  5.30884444e+08  7.28876790e-01  5.30884444e+08  7.28879441e-01  5.30884444e+08  2.06428900e+00  5.30884444e+08  9.99995846e-01 
 5.62341325e+08  5.24869097e+00  5.62341325e+08  1.00000474e+00  5.62341325e+08  7.28580839e-01  5.62341325e+08  7.28584128e-01  5.62341325e+08  2.28915620e+00  5.62341325e+08  9.99994856e-01 
 5.95662144e+08  5.24928612e+00  5.95662144e+08  1.00000584e+00  5.95662144e+08  7.28256846e-01  5.95662144e+08  7.28260922e-01  5.95662144e+08  2.53506431e+00  5.95662144e+08  9.99993641e-01 
 6.30957344e+08  5.25197190e+00  6.30957344e+08  1.00000719e+00  6.30957344e+08  7.27901883e-01  6.30957344e+08  7.27906928e-01  6.30957344e+08  2.80320503e+00  6.30957344e+08  9.99992151e-01 
 6.68343918e+08  5.25698127e+00  6.68343918e+08  1.00000884e+00  6.68343918e+08  7.27512919e-01  6.68343918e+08  7.27519153e-01  6.68343918e+08  3.09465612e+00  6.68343918e+08  9.99990329e-01 
 7.07945784e+08  5.26456679e+00  7.07945784e+08  1.00001083e+00  7.07945784e+08  7.27086835e-01  7.07945784e+08  7.27094527e-01  7.07945784e+08  3.41033108e+00  7.07945784e+08  9.99988107e-01 
 7.49894209e+08  5.27501201e+00  7.49894209e+08  1.00001324e+00  7.49894209e+08  7.26620460e-01  7.49894209e+08  7.26629934e-01  7.49894209e+08  3.75092182e+00  7.49894209e+08  9.99985406e-01 
 7.94328235e+08  5.28864271e+00  7.94328235e+08  1.00001615e+00  7.94328235e+08  7.26110609e-01  7.94328235e+08  7.26122254e-01  7.94328235e+08  4.11683483e+00  7.94328235e+08  9.99982131e-01 
 8.41395142e+08  5.30583809e+00  8.41395142e+08  1.00001964e+00  8.41395142e+08  7.25554132e-01  8.41395142e+08  7.25568417e-01  8.41395142e+08  4.50812244e+00  8.41395142e+08  9.99978176e-01 
 8.91250938e+08  5.32704236e+00  8.91250938e+08  1.00002382e+00  8.91250938e+08  7.24947982e-01  8.91250938e+08  7.24965466e-01  8.91250938e+08  4.92441096e+00  8.91250938e+08  9.99973414e-01 
 9.44060876e+08  5.35277694e+00  9.44060876e+08  1.00002880e+00  9.44060876e+08  7.24289283e-01  9.44060876e+08  7.24310631e-01  9.44060876e+08  5.36482867e+00  9.44060876e+08  9.99967705e-01 
 1.00000000e+09  5.38365334e+00  1.00000000e+09  1.00003470e+00  1.00000000e+09  7.23575425e-01  1.00000000e+09  7.23601421e-01  1.00000000e+09  5.82793748e+00  1.00000000e+09  9.99960886e-01 
 1.05925373e+09  5.42038688e+00  1.05925373e+09  1.00004168e+00  1.05925373e+09  7.22804153e-01  1.05925373e+09  7.22835721e-01  1.05925373e+09  6.31167246e+00  1.05925373e+09  9.99952776e-01 
 1.12201845e+09  5.46381116e+00  1.12201845e+09  1.00004989e+00  1.12201845e+09  7.21973679e-01  1.12201845e+09  7.22011898e-01  1.12201845e+09  6.81329476e+00  1.12201845e+09  9.99943172e-01 
 1.18850223e+09  5.51489328e+00  1.18850223e+09  1.00005951e+00  1.18850223e+09  7.21082788e-01  1.18850223e+09  7.21128915e-01  1.18850223e+09  7.32936308e+00  1.18850223e+09  9.99931850e-01 
 1.25892541e+09  5.57474949e+00  1.25892541e+09  1.00007072e+00  1.25892541e+09  7.20130958e-01  1.25892541e+09  7.20186443e-01  1.25892541e+09  7.85572937e+00  1.25892541e+09  9.99918561e-01 
 1.33352143e+09  5.64466109e+00  1.33352143e+09  1.00008375e+00  1.33352143e+09  7.19118461e-01  1.33352143e+09  7.19184969e-01  1.33352143e+09  8.38756362e+00  1.33352143e+09  9.99903037e-01 
 1.41253754e+09  5.72609001e+00  1.41253754e+09  1.00009881e+00  1.41253754e+09  7.18046462e-01  1.41253754e+09  7.18125897e-01  1.41253754e+09  8.91941159e+00  1.41253754e+09  9.99884984e-01 
 1.49623566e+09  5.82069371e+00  1.49623566e+09  1.00011617e+00  1.49623566e+09  7.16917101e-01  1.49623566e+09  7.17011617e-01  1.49623566e+09  9.44528746e+00  1.49623566e+09  9.99864086e-01 
 1.58489319e+09  5.93033870e+00  1.58489319e+09  1.00013609e+00  1.58489319e+09  7.15733539e-01  1.58489319e+09  7.15845566e-01  1.58489319e+09  9.95880123e+00  1.58489319e+09  9.99840004e-01 
 1.67880402e+09  6.05711201e+00  1.67880402e+09  1.00015890e+00  1.67880402e+09  7.14499983e-01  1.67880402e+09  7.14632239e-01  1.67880402e+09  1.04533181e+01  1.67880402e+09  9.99812376e-01 
 1.77827941e+09  6.20333002e+00  1.77827941e+09  1.00018493e+00  1.77827941e+09  7.13221664e-01  1.77827941e+09  7.13377170e-01  1.77827941e+09  1.09221437e+01  1.77827941e+09  9.99780815e-01 
 1.88364909e+09  6.37154391e+00  1.88364909e+09  1.00021456e+00  1.88364909e+09  7.11904770e-01  1.88364909e+09  7.12086867e-01  1.88364909e+09  1.13587275e+01  1.88364909e+09  9.99744909e-01 
 1.99526231e+09  6.56454125e+00  1.99526231e+09  1.00024820e+00  1.99526231e+09  7.10556345e-01  1.99526231e+09  7.10768701e-01  1.99526231e+09  1.17568724e+01  1.99526231e+09  9.99704222e-01 
 2.11348904e+09  6.78534327e+00  2.11348904e+09  1.00028632e+00  2.11348904e+09  7.09184135e-01  2.11348904e+09  7.09430753e-01  2.11348904e+09  1.21109395e+01  2.11348904e+09  9.99658292e-01 
 2.23872114e+09  7.03719773e+00  2.23872114e+09  1.00032944e+00  2.23872114e+09  7.07796403e-01  2.23872114e+09  7.08081628e-01  2.23872114e+09  1.24160352e+01  2.23872114e+09  9.99606633e-01 
 2.37137371e+09  7.32356739e+00  2.37137371e+09  1.00037810e+00  2.37137371e+09  7.06401711e-01  2.37137371e+09  7.06730235e-01  2.37137371e+09  1.26681681e+01  2.37137371e+09  9.99548731e-01 
 2.51188643e+09  7.64811478e+00  2.51188643e+09  1.00043293e+00  2.51188643e+09  7.05008690e-01  2.51188643e+09  7.05385551e-01  2.51188643e+09  1.28643668e+01  2.51188643e+09  9.99484051e-01 
 2.66072506e+09  8.01468402e+00  2.66072506e+09  1.00049456e+00  2.66072506e+09  7.03625799e-01  2.66072506e+09  7.04056382e-01  2.66072506e+09  1.30027504e+01  2.66072506e+09  9.99412032e-01 
 2.81838293e+09  8.42728141e+00  2.81838293e+09  1.00056370e+00  2.81838293e+09  7.02261099e-01  2.81838293e+09  7.02751135e-01  2.81838293e+09  1.30825496e+01  2.81838293e+09  9.99332098e-01 
 2.98538262e+09  8.89005705e+00  2.98538262e+09  1.00064106e+00  2.98538262e+09  7.00922042e-01  2.98538262e+09  7.01477598e-01  2.98538262e+09  1.31040776e+01  2.98538262e+09  9.99243656e-01 
 3.16227766e+09  9.40729065e+00  3.16227766e+09  1.00072741e+00  3.16227766e+09  6.99615291e-01  3.16227766e+09  7.00242767e-01  3.16227766e+09  1.30686553e+01  3.16227766e+09  9.99146107e-01 
 3.34965439e+09  9.98338603e+00  3.34965439e+09  1.00082349e+00  3.34965439e+09  6.98346581e-01  3.34965439e+09  6.99052700e-01  3.34965439e+09  1.29784976e+01  3.34965439e+09  9.99038849e-01 
 3.54813389e+09  1.06228802e+01  3.54813389e+09  1.00093008e+00  3.54813389e+09  6.97120620e-01  3.54813389e+09  6.97912413e-01  3.54813389e+09  1.28365708e+01  3.54813389e+09  9.98921286e-01 
 3.75837404e+09  1.13304747e+01  3.75837404e+09  1.00104791e+00  3.75837404e+09  6.95941026e-01  3.75837404e+09  6.96825821e-01  3.75837404e+09  1.26464304e+01  3.75837404e+09  9.98792838e-01 
 3.98107171e+09  1.21110991e+01  3.98107171e+09  1.00117774e+00  3.98107171e+09  6.94810316e-01  3.98107171e+09  6.95795716e-01  3.98107171e+09  1.24120509e+01  3.98107171e+09  9.98652940e-01 
 4.21696503e+09  1.29700196e+01  4.21696503e+09  1.00132027e+00  4.21696503e+09  6.93729910e-01  4.21696503e+09  6.94823783e-01  4.21696503e+09  1.21376579e+01  4.21696503e+09  9.98501054e-01 
 4.46683592e+09  1.39130057e+01  4.46683592e+09  1.00147618e+00  4.46683592e+09  6.92700176e-01  4.46683592e+09  6.93910633e-01  4.46683592e+09  1.18275705e+01  4.46683592e+09  9.98336665e-01 
 4.73151259e+09  1.49465744e+01  4.73151259e+09  1.00164613e+00  4.73151259e+09  6.91720483e-01  4.73151259e+09  6.93055872e-01  4.73151259e+09  1.14860621e+01  4.73151259e+09  9.98159277e-01 
 5.01187234e+09  1.60783273e+01  5.01187234e+09  1.00183078e+00  5.01187234e+09  6.90789265e-01  5.01187234e+09  6.92258165e-01  5.01187234e+09  1.11172450e+01  5.01187234e+09  9.97968402e-01 
 5.30884444e+09  1.73174008e+01  5.30884444e+09  1.00203078e+00  5.30884444e+09  6.89904086e-01  5.30884444e+09  6.91515321e-01  5.30884444e+09  1.07249825e+01  5.30884444e+09  9.97763540e-01 
 5.62341325e+09  1.86750418e+01  5.62341325e+09  1.00224684e+00  5.62341325e+09  6.89061702e-01  5.62341325e+09  6.90824374e-01  5.62341325e+09  1.03128318e+01  5.62341325e+09  9.97544155e-01 
 5.95662144e+09  2.01653198e+01  5.95662144e+09  1.00247969e+00  5.95662144e+09  6.88258123e-01  5.95662144e+09  6.90181663e-01  5.95662144e+09  9.88401834e+00  5.95662144e+09  9.97309639e-01 
 6.30957344e+09  2.18059709e+01  6.30957344e+09  1.00273021e+00  6.30957344e+09  6.87488669e-01  6.30957344e+09  6.89582915e-01  6.30957344e+09  9.44144243e+00  6.30957344e+09  9.97059282e-01 
 6.68343918e+09  2.36193558e+01  6.68343918e+09  1.00299936e+00  6.68343918e+09  6.86748035e-01  6.68343918e+09  6.89023339e-01  6.68343918e+09  8.98771761e+00  6.68343918e+09  9.96792239e-01 
 7.07945784e+09  2.56334936e+01  7.07945784e+09  1.00328827e+00  7.07945784e+09  6.86030382e-01  7.07945784e+09  6.88497723e-01  7.07945784e+09  8.52523800e+00  7.07945784e+09  9.96507515e-01 
 7.49894209e+09  2.78831066e+01  7.49894209e+09  1.00359816e+00  7.49894209e+09  6.85329458e-01  7.49894209e+09  6.88000561e-01  7.49894209e+09  8.05627032e+00  7.49894209e+09  9.96203978e-01 
 7.94328235e+09  3.04105935e+01  7.94328235e+09  1.00393031e+00  7.94328235e+09  6.84638784e-01  7.94328235e+09  6.87526202e-01  7.94328235e+09  7.58306249e+00  7.94328235e+09  9.95880409e-01 
 8.41395142e+09  3.32668278e+01  8.41395142e+09  1.00428593e+00  8.41395142e+09  6.83951904e-01  8.41395142e+09  6.87069037e-01  8.41395142e+09  7.10795718e+00  8.41395142e+09  9.95535605e-01 
 8.91250938e+09  3.65116808e+01  8.91250938e+09  1.00466599e+00  8.91250938e+09  6.83262694e-01  8.91250938e+09  6.86623717e-01  8.91250938e+09  6.63349395e+00  8.91250938e+09  9.95168537e-01 
 9.44060876e+09  4.02141867e+01  9.44060876e+09  1.00507104e+00  9.44060876e+09  6.82565733e-01  9.44060876e+09  6.86185377e-01  9.44060876e+09  6.16248120e+00  9.44060876e+09  9.94778545e-01 
 1.00000000e+10  4.44523123e+01  1.00000000e+10  1.00550095e+00  1.00000000e+10  6.81856666e-01  1.00000000e+10  6.85749860e-01  1.00000000e+10  5.69801906e+00  1.00000000e+10  9.94365561e-01 
 1.05925373e+10  4.93123577e+01  1.05925373e+10  1.00595474e+00  1.05925373e+10  6.81132511e-01  1.05925373e+10  6.85313879e-01  1.05925373e+10  5.24345893e+00  1.05925373e+10  9.93930297e-01 
 1.12201845e+10  5.48880889e+01  1.12201845e+10  1.00643044e+00  1.12201845e+10  6.80391836e-01  1.12201845e+10  6.84875105e-01  1.12201845e+10  4.80229576e+00  1.12201845e+10  9.93474371e-01 
 1.18850223e+10  6.12797696e+01  1.18850223e+10  1.00692516e+00  1.18850223e+10  6.79634749e-01  1.18850223e+10  6.84432130e-01  1.18850223e+10  4.37800238e+00  1.18850223e+10  9.93000314e-01 
 1.25892541e+10  6.85932992e+01  1.25892541e+10  1.00743519e+00  1.25892541e+10  6.78862672e-01  1.25892541e+10  6.83984312e-01  1.25892541e+10  3.97382927e+00  1.25892541e+10  9.92511440e-01 
 1.33352143e+10  7.69396754e+01  1.33352143e+10  1.00795633e+00  1.33352143e+10  6.78077935e-01  1.33352143e+10  6.83531523e-01  1.33352143e+10  3.59260213e+00  1.33352143e+10  9.92011594e-01 
 1.41253754e+10  8.64349789e+01  1.41253754e+10  1.00848420e+00  1.41253754e+10  6.77283238e-01  1.41253754e+10  6.83073829e-01  1.41253754e+10  3.23655117e+00  1.41253754e+10  9.91504814e-01 
 1.49623566e+10  9.72010522e+01  1.49623566e+10  1.00901468e+00  1.49623566e+10  6.76481087e-01  1.49623566e+10  6.82611172e-01  1.49623566e+10  2.90719826e+00  1.49623566e+10  9.90994957e-01 
 1.58489319e+10  1.09367025e+02  1.58489319e+10  1.00954425e+00  1.58489319e+10  6.75673281e-01  1.58489319e+10  6.82143082e-01  1.58489319e+10  2.60531497e+00  1.58489319e+10  9.90485363e-01 
 1.67880402e+10  1.23071865e+02  1.67880402e+10  1.01007025e+00  1.67880402e+10  6.74860511e-01  1.67880402e+10  6.81668465e-01  1.67880402e+10  2.33094978e+00  1.67880402e+10  9.89978590e-01 
 1.77827941e+10  1.38468198e+02  1.77827941e+10  1.01059104e+00  1.77827941e+10  6.74042114e-01  1.77827941e+10  6.81185476e-01  1.77827941e+10  2.08351071e+00  1.77827941e+10  9.89476241e-01 
 1.88364909e+10  1.55727781e+02  1.88364909e+10  1.01110607e+00  1.88364909e+10  6.73215954e-01  1.88364909e+10  6.80691460e-01  1.88364909e+10  1.86188370e+00  1.88364909e+10  9.88978896e-01 
 1.99526231e+10  1.75049234e+02  1.99526231e+10  1.01161586e+00  1.99526231e+10  6.72378424e-01  1.99526231e+10  6.80182957e-01  1.99526231e+10  1.66456604e+00  1.99526231e+10  9.88486118e-01 
 2.11348904e+10  1.96668942e+02  2.11348904e+10  1.01212195e+00  2.11348904e+10  6.71524517e-01  2.11348904e+10  6.79655738e-01  2.11348904e+10  1.48979781e+00  2.11348904e+10  9.87996514e-01 
 2.23872114e+10  2.20876528e+02  2.23872114e+10  1.01262676e+00  2.23872114e+10  6.70647938e-01  2.23872114e+10  6.79104856e-01  2.23872114e+10  1.33567922e+00  2.23872114e+10  9.87507829e-01 
 2.37137371e+10  2.48037040e+02  2.37137371e+10  1.01313349e+00  2.37137371e+10  6.69741224e-01  2.37137371e+10  6.78524698e-01  2.37137371e+10  1.20026764e+00  2.37137371e+10  9.87017045e-01 
 2.51188643e+10  2.78623152e+02  2.51188643e+10  1.01364606e+00  2.51188643e+10  6.68795850e-01  2.51188643e+10  6.77909030e-01  2.51188643e+10  1.08165207e+00  2.51188643e+10  9.86520482e-01 
 2.66072506e+10  3.13262642e+02  2.66072506e+10  1.01416895e+00  2.66072506e+10  6.67802316e-01  2.66072506e+10  6.77251018e-01  2.66072506e+10  9.78006330e-01  2.66072506e+10  9.86013871e-01 
 2.81838293e+10  3.52809813e+02  2.81838293e+10  1.01470724e+00  2.81838293e+10  6.66750207e-01  2.81838293e+10  6.76543248e-01  2.81838293e+10  8.87623668e-01  2.81838293e+10  9.85492426e-01 
 2.98538262e+10  3.98455528e+02  2.98538262e+10  1.01526648e+00  2.98538262e+10  6.65628226e-01  2.98538262e+10  6.75777716e-01  2.98538262e+10  8.08936309e-01  2.98538262e+10  9.84950874e-01 
