 1.00000000e+07  1.44808710e+03  1.00000000e+07  1.00000000e+00  1.00000000e+07  8.16180557e-01  1.00000000e+07  8.16180557e-01  1.00000000e+07  9.71970479e-04  1.00000000e+07  1.00000000e+00 
 1.05925373e+07  1.42184050e+03  1.05925373e+07  1.00000000e+00  1.05925373e+07  8.12563955e-01  1.05925373e+07  8.12563955e-01  1.05925373e+07  1.04965479e-03  1.05925373e+07  1.00000000e+00 
 1.12201845e+07  1.38843763e+03  1.12201845e+07  1.00000000e+00  1.12201845e+07  8.09072356e-01  1.12201845e+07  8.09072357e-01  1.12201845e+07  1.13333068e-03  1.12201845e+07  1.00000000e+00 
 1.18850223e+07  1.34744072e+03  1.18850223e+07  1.00000000e+00  1.18850223e+07  8.05696085e-01  1.18850223e+07  8.05696086e-01  1.18850223e+07  1.22375229e-03  1.18850223e+07  1.00000000e+00 
 1.25892541e+07  1.29851942e+03  1.25892541e+07  1.00000000e+00  1.25892541e+07  8.02425305e-01  1.25892541e+07  8.02425305e-01  1.25892541e+07  1.32182796e-03  1.25892541e+07  1.00000000e+00 
 1.33352143e+07  1.24148216e+03  1.33352143e+07  1.00000000e+00  1.33352143e+07  7.99250377e-01  1.33352143e+07  7.99250377e-01  1.33352143e+07  1.42865563e-03  1.33352143e+07  1.00000000e+00 
 1.41253754e+07  1.17633078e+03  1.41253754e+07  1.00000000e+00  1.41253754e+07  7.96162183e-01  1.41253754e+07  7.96162183e-01  1.41253754e+07  1.54556648e-03  1.41253754e+07  9.99999999e-01 
 1.49623566e+07  1.10328353e+03  1.49623566e+07  1.00000000e+00  1.49623566e+07  7.93152408e-01  1.49623566e+07  7.93152409e-01  1.49623566e+07  1.67417778e-03  1.49623566e+07  9.99999999e-01 
 1.58489319e+07  1.02281986e+03  1.58489319e+07  1.00000000e+00  1.58489319e+07  7.90213778e-01  1.58489319e+07  7.90213779e-01  1.58489319e+07  1.81645587e-03  1.58489319e+07  9.99999999e-01 
 1.67880402e+07  9.35727381e+02  1.67880402e+07  1.00000000e+00  1.67880402e+07  7.87340245e-01  1.67880402e+07  7.87340245e-01  1.67880402e+07  1.97478969e-03  1.67880402e+07  9.99999999e-01 
 1.77827941e+07  8.43115089e+02  1.77827941e+07  1.00000000e+00  1.77827941e+07  7.84527128e-01  1.77827941e+07  7.84527128e-01  1.77827941e+07  2.15207428e-03  1.77827941e+07  9.99999999e-01 
 1.88364909e+07  7.46424388e+02  1.88364909e+07  1.00000000e+00  1.88364909e+07  7.81771194e-01  1.88364909e+07  7.81771195e-01  1.88364909e+07  2.35180272e-03  1.88364909e+07  9.99999999e-01 
 1.99526231e+07  6.47414122e+02  1.99526231e+07  1.00000000e+00  1.99526231e+07  7.79070692e-01  1.99526231e+07  7.79070692e-01  1.99526231e+07  2.57816378e-03  1.99526231e+07  9.99999999e-01 
 2.11348904e+07  5.48099244e+02  2.11348904e+07  1.00000000e+00  2.11348904e+07  7.76425316e-01  2.11348904e+07  7.76425316e-01  2.11348904e+07  2.83614147e-03  2.11348904e+07  9.99999999e-01 
 2.23872114e+07  4.50663694e+02  2.23872114e+07  1.00000000e+00  2.23872114e+07  7.73836129e-01  2.23872114e+07  7.73836130e-01  2.23872114e+07  3.13161209e-03  2.23872114e+07  9.99999999e-01 
 2.37137371e+07  3.57329198e+02  2.37137371e+07  1.00000000e+00  2.37137371e+07  7.71305426e-01  2.37137371e+07  7.71305427e-01  2.37137371e+07  3.47143477e-03  2.37137371e+07  9.99999999e-01 
 2.51188643e+07  2.70205652e+02  2.51188643e+07  1.00000000e+00  2.51188643e+07  7.68836545e-01  2.51188643e+07  7.68836545e-01  2.51188643e+07  3.86353249e-03  2.51188643e+07  9.99999999e-01 
 2.66072506e+07  1.91133462e+02  2.66072506e+07  1.00000000e+00  2.66072506e+07  7.66433643e-01  2.66072506e+07  7.66433644e-01  2.66072506e+07  4.31696299e-03  2.66072506e+07  9.99999999e-01 
 2.81838293e+07  1.21544482e+02  2.81838293e+07  1.00000000e+00  2.81838293e+07  7.64101450e-01  2.81838293e+07  7.64101450e-01  2.81838293e+07  4.84198166e-03  2.81838293e+07  9.99999999e-01 
 2.98538262e+07  6.23622236e+01  2.98538262e+07  1.00000000e+00  2.98538262e+07  7.61844990e-01  2.98538262e+07  7.61844990e-01  2.98538262e+07  5.45010125e-03  2.98538262e+07  1.00000000e+00 
 3.16227766e+07  1.39567968e+01  3.16227766e+07  1.00000000e+00  3.16227766e+07  7.59669320e-01  3.16227766e+07  7.59669320e-01  3.16227766e+07  6.15415507e-03  3.16227766e+07  1.00000000e+00 
 3.34965439e+07 -2.38417508e+01  3.34965439e+07  1.00000000e+00  3.34965439e+07  7.57579268e-01  3.34965439e+07  7.57579268e-01  3.34965439e+07  6.96837163e-03  3.34965439e+07  1.00000000e+00 
 3.54813389e+07 -5.16764997e+01  3.54813389e+07  9.99999999e-01  3.54813389e+07  7.55579204e-01  3.54813389e+07  7.55579203e-01  3.54813389e+07  7.90846808e-03  3.54813389e+07  1.00000000e+00 
 3.75837404e+07 -7.05593787e+01  3.75837404e+07  9.99999999e-01  3.75837404e+07  7.53672843e-01  3.75837404e+07  7.53672842e-01  3.75837404e+07  8.99176932e-03  3.75837404e+07  1.00000000e+00 
 3.98107171e+07 -8.17465875e+01  3.98107171e+07  9.99999998e-01  3.98107171e+07  7.51863100e-01  3.98107171e+07  7.51863098e-01  3.98107171e+07  1.02373581e-02  3.98107171e+07  1.00000000e+00 
 4.21696503e+07 -8.66133379e+01  4.21696503e+07  9.99999997e-01  4.21696503e+07  7.50151982e-01  4.21696503e+07  7.50151980e-01  4.21696503e+07  1.16662600e-02  4.21696503e+07  1.00000000e+00 
 4.46683592e+07 -8.65413199e+01  4.46683592e+07  9.99999997e-01  4.46683592e+07  7.48540540e-01  4.46683592e+07  7.48540538e-01  4.46683592e+07  1.33016676e-02  4.46683592e+07  1.00000000e+00 
 4.73151259e+07 -8.28292459e+01  4.73151259e+07  9.99999996e-01  4.73151259e+07  7.47028860e-01  4.73151259e+07  7.47028857e-01  4.73151259e+07  1.51692048e-02  4.73151259e+07  1.00000000e+00 
 5.01187234e+07 -7.66304568e+01  5.01187234e+07  9.99999995e-01  5.01187234e+07  7.45616093e-01  5.01187234e+07  7.45616089e-01  5.01187234e+07  1.72972359e-02  5.01187234e+07  1.00000000e+00 
 5.30884444e+07 -6.89175022e+01  5.30884444e+07  9.99999994e-01  5.30884444e+07  7.44300525e-01  5.30884444e+07  7.44300521e-01  5.30884444e+07  1.97172208e-02  5.30884444e+07  1.00000001e+00 
 5.62341325e+07 -6.04699684e+01  5.62341325e+07  9.99999994e-01  5.62341325e+07  7.43079666e-01  5.62341325e+07  7.43079661e-01  5.62341325e+07  2.24641189e-02  5.62341325e+07  1.00000001e+00 
 5.95662144e+07 -5.18806781e+01  5.95662144e+07  9.99999993e-01  5.95662144e+07  7.41950356e-01  5.95662144e+07  7.41950350e-01  5.95662144e+07  2.55768469e-02  5.95662144e+07  1.00000001e+00 
 6.30957344e+07 -4.35740544e+01  6.30957344e+07  9.99999993e-01  6.30957344e+07  7.40908882e-01  6.30957344e+07  7.40908877e-01  6.30957344e+07  2.90987923e-02  6.30957344e+07  1.00000001e+00 
 6.68343918e+07 -3.58314218e+01  6.68343918e+07  9.99999992e-01  6.68343918e+07  7.39951099e-01  6.68343918e+07  7.39951094e-01  6.68343918e+07  3.30783878e-02  6.68343918e+07  1.00000001e+00 
 7.07945784e+07 -2.88187719e+01  7.07945784e+07  9.99999992e-01  7.07945784e+07  7.39072541e-01  7.07945784e+07  7.39072535e-01  7.07945784e+07  3.75697521e-02  7.07945784e+07  1.00000001e+00 
 7.49894209e+07 -2.26137207e+01  7.49894209e+07  9.99999992e-01  7.49894209e+07  7.38268530e-01  7.49894209e+07  7.38268523e-01  7.49894209e+07  4.26334028e-02  7.49894209e+07  1.00000001e+00 
 7.94328235e+07 -1.72297138e+01  7.94328235e+07  9.99999992e-01  7.94328235e+07  7.37534268e-01  7.94328235e+07  7.37534262e-01  7.94328235e+07  4.83370478e-02  7.94328235e+07  1.00000001e+00 
 8.41395142e+07 -1.26363703e+01  8.41395142e+07  9.99999992e-01  8.41395142e+07  7.36864928e-01  8.41395142e+07  7.36864922e-01  8.41395142e+07  5.47564627e-02  8.41395142e+07  1.00000001e+00 
 8.91250938e+07 -8.77577343e+00  8.91250938e+07  9.99999993e-01  8.91250938e+07  7.36255713e-01  8.91250938e+07  7.36255708e-01  8.91250938e+07  6.19764638e-02  8.91250938e+07  1.00000001e+00 
 9.44060876e+07 -5.57484856e+00  9.44060876e+07  9.99999994e-01  9.44060876e+07  7.35701919e-01  9.44060876e+07  7.35701914e-01  9.44060876e+07  7.00919842e-02  9.44060876e+07  1.00000001e+00 
 1.00000000e+08 -2.95435950e+00  1.00000000e+08  9.99999995e-01  1.00000000e+08  7.35198965e-01  1.00000000e+08  7.35198961e-01  1.00000000e+08  7.92092646e-02  1.00000000e+08  1.00000000e+00 
 1.05925373e+08 -8.35094191e-01  1.05925373e+08  9.99999997e-01  1.05925373e+08  7.34742426e-01  1.05925373e+08  7.34742423e-01  1.05925373e+08  8.94471688e-02  1.05925373e+08  1.00000000e+00 
 1.12201845e+08  8.58141252e-01  1.12201845e+08  1.00000000e+00  1.12201845e+08  7.34328043e-01  1.12201845e+08  7.34328042e-01  1.12201845e+08  1.00938636e-01  1.12201845e+08  1.00000000e+00 
 1.18850223e+08  2.19419207e+00  1.18850223e+08  1.00000000e+00  1.18850223e+08  7.33951734e-01  1.18850223e+08  7.33951735e-01  1.18850223e+08  1.13832282e-01  1.18850223e+08  9.99999996e-01 
 1.25892541e+08  3.23440458e+00  1.25892541e+08  1.00000001e+00  1.25892541e+08  7.33609609e-01  1.25892541e+08  7.33609614e-01  1.25892541e+08  1.28294165e-01  1.25892541e+08  9.99999992e-01 
 1.33352143e+08  4.03230012e+00  1.33352143e+08  1.00000001e+00  1.33352143e+08  7.33298010e-01  1.33352143e+08  7.33298017e-01  1.33352143e+08  1.44509725e-01  1.33352143e+08  9.99999987e-01 
 1.41253754e+08  4.63377721e+00  1.41253754e+08  1.00000002e+00  1.41253754e+08  7.33013558e-01  1.41253754e+08  7.33013570e-01  1.41253754e+08  1.62685917e-01  1.41253754e+08  9.99999981e-01 
 1.49623566e+08  5.07763859e+00  1.49623566e+08  1.00000003e+00  1.49623566e+08  7.32753208e-01  1.49623566e+08  7.32753225e-01  1.49623566e+08  1.83053538e-01  1.49623566e+08  9.99999973e-01 
 1.58489319e+08  5.39628788e+00  1.58489319e+08  1.00000003e+00  1.58489319e+08  7.32514241e-01  1.58489319e+08  7.32514264e-01  1.58489319e+08  2.05869755e-01  1.58489319e+08  9.99999963e-01 
 1.67880402e+08  5.61649786e+00  1.67880402e+08  1.00000005e+00  1.67880402e+08  7.32294191e-01  1.67880402e+08  7.32294222e-01  1.67880402e+08  2.31420840e-01  1.67880402e+08  9.99999951e-01 
 1.77827941e+08  5.76017917e+00  1.77827941e+08  1.00000006e+00  1.77827941e+08  7.32090748e-01  1.77827941e+08  7.32090789e-01  1.77827941e+08  2.60025107e-01  1.77827941e+08  9.99999937e-01 
 1.88364909e+08  5.84510651e+00  1.88364909e+08  1.00000008e+00  1.88364909e+08  7.31901684e-01  1.88364909e+08  7.31901737e-01  1.88364909e+08  2.92036080e-01  1.88364909e+08  9.99999919e-01 
 1.99526231e+08  5.88557993e+00  1.99526231e+08  1.00000010e+00  1.99526231e+08  7.31724830e-01  1.99526231e+08  7.31724896e-01  1.99526231e+08  3.27845853e-01  1.99526231e+08  9.99999897e-01 
 2.11348904e+08  5.89301043e+00  2.11348904e+08  1.00000012e+00  2.11348904e+08  7.31558073e-01  2.11348904e+08  7.31558157e-01  2.11348904e+08  3.67888663e-01  2.11348904e+08  9.99999870e-01 
 2.23872114e+08  5.87642938e+00  2.23872114e+08  1.00000015e+00  2.23872114e+08  7.31399370e-01  2.23872114e+08  7.31399475e-01  2.23872114e+08  4.12644609e-01  2.23872114e+08  9.99999836e-01 
 2.37137371e+08  5.84292428e+00  2.37137371e+08  1.00000019e+00  2.37137371e+08  7.31246745e-01  2.37137371e+08  7.31246876e-01  2.37137371e+08  4.62643494e-01  2.37137371e+08  9.99999795e-01 
 2.51188643e+08  5.79800722e+00  2.51188643e+08  1.00000024e+00  2.51188643e+08  7.31098286e-01  2.51188643e+08  7.31098449e-01  2.51188643e+08  5.18468719e-01  2.51188643e+08  9.99999745e-01 
 2.66072506e+08  5.74592297e+00  2.66072506e+08  1.00000030e+00  2.66072506e+08  7.30952129e-01  2.66072506e+08  7.30952332e-01  2.66072506e+08  5.80761144e-01  2.66072506e+08  9.99999683e-01 
 2.81838293e+08  5.68990396e+00  2.81838293e+08  1.00000037e+00  2.81838293e+08  7.30806445e-01  2.81838293e+08  7.30806696e-01  2.81838293e+08  6.50222806e-01  2.81838293e+08  9.99999606e-01 
 2.98538262e+08  5.63238013e+00  2.98538262e+08  1.00000046e+00  2.98538262e+08  7.30659419e-01  2.98538262e+08  7.30659731e-01  2.98538262e+08  7.27620345e-01  2.98538262e+08  9.99999512e-01 
 3.16227766e+08  5.57514985e+00  3.16227766e+08  1.00000057e+00  3.16227766e+08  7.30509236e-01  3.16227766e+08  7.30509622e-01  3.16227766e+08  8.13787953e-01  3.16227766e+08  9.99999395e-01 
 3.34965439e+08  5.51951880e+00  3.34965439e+08  1.00000070e+00  3.34965439e+08  7.30354060e-01  3.34965439e+08  7.30354537e-01  3.34965439e+08  9.09629600e-01  3.34965439e+08  9.99999251e-01 
 3.54813389e+08  5.46641182e+00  3.54813389e+08  1.00000087e+00  3.54813389e+08  7.30192018e-01  3.54813389e+08  7.30192608e-01  3.54813389e+08  1.01612027e+00  3.54813389e+08  9.99999073e-01 
 3.75837404e+08  5.41646286e+00  3.75837404e+08  1.00000107e+00  3.75837404e+08  7.30021185e-01  3.75837404e+08  7.30021914e-01  3.75837404e+08  1.13430581e+00  3.75837404e+08  9.99998853e-01 
 3.98107171e+08  5.37008676e+00  3.98107171e+08  1.00000132e+00  3.98107171e+08  7.29839568e-01  3.98107171e+08  7.29840469e-01  3.98107171e+08  1.26530102e+00  3.98107171e+08  9.99998582e-01 
 4.21696503e+08  5.32753657e+00  4.21696503e+08  1.00000163e+00  4.21696503e+08  7.29645091e-01  4.21696503e+08  7.29646205e-01  4.21696503e+08  1.41028550e+00  4.21696503e+08  9.99998247e-01 
 4.46683592e+08  5.28894911e+00  4.46683592e+08  1.00000201e+00  4.46683592e+08  7.29435584e-01  4.46683592e+08  7.29436961e-01  4.46683592e+08  1.57049654e+00  4.46683592e+08  9.99997834e-01 
 4.73151259e+08  5.25438115e+00  4.73151259e+08  1.00000248e+00  4.73151259e+08  7.29208774e-01  4.73151259e+08  7.29210475e-01  4.73151259e+08  1.74721866e+00  4.73151259e+08  9.99997324e-01 
 5.01187234e+08  5.22383828e+00  5.01187234e+08  1.00000305e+00  5.01187234e+08  7.28962273e-01  5.01187234e+08  7.28964374e-01  5.01187234e+08  1.94176890e+00  5.01187234e+08  9.99996698e-01 
 5.30884444e+08  5.19729796e+00  5.30884444e+08  1.00000376e+00  5.30884444e+08  7.28693576e-01  5.30884444e+08  7.28696171e-01  5.30884444e+08  2.15547720e+00  5.30884444e+08  9.99995927e-01 
 5.62341325e+08  5.17472826e+00  5.62341325e+08  1.00000462e+00  5.62341325e+08  7.28400059e-01  5.62341325e+08  7.28403262e-01  5.62341325e+08  2.38966113e+00  5.62341325e+08  9.99994981e-01 
 5.95662144e+08  5.15610312e+00  5.95662144e+08  1.00000566e+00  5.95662144e+08  7.28078985e-01  5.95662144e+08  7.28082935e-01  5.95662144e+08  2.64559423e+00  5.95662144e+08  9.99993823e-01 
 6.30957344e+08  5.14141536e+00  6.30957344e+08  1.00000694e+00  6.30957344e+08  7.27727506e-01  6.30957344e+08  7.27732374e-01  6.30957344e+08  2.92446744e+00  6.30957344e+08  9.99992405e-01 
 6.68343918e+08  5.13068797e+00  6.68343918e+08  1.00000849e+00  6.68343918e+08  7.27342687e-01  6.68343918e+08  7.27348679e-01  6.68343918e+08  3.22734313e+00  6.68343918e+08  9.99990676e-01 
 7.07945784e+08  5.12398429e+00  7.07945784e+08  1.00001036e+00  7.07945784e+08  7.26921523e-01  7.07945784e+08  7.26928891e-01  7.07945784e+08  3.55510163e+00  7.07945784e+08  9.99988572e-01 
 7.49894209e+08  5.12141779e+00  7.49894209e+08  1.00001263e+00  7.49894209e+08  7.26460975e-01  7.49894209e+08  7.26470022e-01  7.49894209e+08  3.90838061e+00  7.49894209e+08  9.99986017e-01 
 7.94328235e+08  5.12316165e+00  7.94328235e+08  1.00001535e+00  7.94328235e+08  7.25958008e-01  7.94328235e+08  7.25969101e-01  7.94328235e+08  4.28750816e+00  7.94328235e+08  9.99982926e-01 
 8.41395142e+08  5.12945862e+00  8.41395142e+08  1.00001861e+00  8.41395142e+08  7.25409650e-01  8.41395142e+08  7.25423226e-01  8.41395142e+08  4.69243096e+00  8.41395142e+08  9.99979198e-01 
 8.91250938e+08  5.14063144e+00  8.91250938e+08  1.00002251e+00  8.91250938e+08  7.24813049e-01  8.91250938e+08  7.24829631e-01  8.91250938e+08  5.12264005e+00  8.91250938e+08  9.99974717e-01 
 9.44060876e+08  5.15709389e+00  9.44060876e+08  1.00002715e+00  9.44060876e+08  7.24165553e-01  9.44060876e+08  7.24185762e-01  9.44060876e+08  5.57709723e+00  9.44060876e+08  9.99969350e-01 
 1.00000000e+09  5.17936279e+00  1.00000000e+09  1.00003264e+00  1.00000000e+09  7.23464795e-01  1.00000000e+09  7.23489368e-01  1.00000000e+09  6.05416616e+00  1.00000000e+09  9.99962947e-01 
 1.05925373e+09  5.20807086e+00  1.05925373e+09  1.00003912e+00  1.05925373e+09  7.22708791e-01  1.05925373e+09  7.22738591e-01  1.05925373e+09  6.55155307e+00  1.05925373e+09  9.99955340e-01 
 1.12201845e+09  5.24398042e+00  1.12201845e+09  1.00004672e+00  1.12201845e+09  7.21896039e-01  1.12201845e+09  7.21932078e-01  1.12201845e+09  7.06626260e+00  1.12201845e+09  9.99946340e-01 
 1.18850223e+09  5.28799792e+00  1.18850223e+09  1.00005562e+00  1.18850223e+09  7.21025630e-01  1.18850223e+09  7.21069083e-01  1.18850223e+09  7.59457434e+00  1.18850223e+09  9.99935738e-01 
 1.25892541e+09  5.34118886e+00  1.25892541e+09  1.00006599e+00  1.25892541e+09  7.20097351e-01  1.25892541e+09  7.20149579e-01  1.25892541e+09  8.13204598e+00  1.25892541e+09  9.99923305e-01 
 1.33352143e+09  5.40479298e+00  1.33352143e+09  1.00007802e+00  1.33352143e+09  7.19111786e-01  1.33352143e+09  7.19174350e-01  1.33352143e+09  8.67354776e+00  1.33352143e+09  9.99908790e-01 
 1.41253754e+09  5.48023909e+00  1.41253754e+09  1.00009193e+00  1.41253754e+09  7.18070402e-01  1.41253754e+09  7.18145086e-01  1.41253754e+09  9.21333184e+00  1.41253754e+09  9.99891918e-01 
 1.49623566e+09  5.56915912e+00  1.49623566e+09  1.00010794e+00  1.49623566e+09  7.16975614e-01  1.49623566e+09  7.17064440e-01  1.49623566e+09  9.74513830e+00  1.49623566e+09  9.99872397e-01 
 1.58489319e+09  5.67340077e+00  1.58489319e+09  1.00012633e+00  1.58489319e+09  7.15830825e-01  1.58489319e+09  7.15936071e-01  1.58489319e+09  1.02623366e+01  1.58489319e+09  9.99849907e-01 
 1.67880402e+09  5.79503800e+00  1.67880402e+09  1.00014738e+00  1.67880402e+09  7.14640425e-01  1.67880402e+09  7.14764644e-01  1.67880402e+09  1.07580987e+01  1.67880402e+09  9.99824110e-01 
 1.77827941e+09  5.93637890e+00  1.77827941e+09  1.00017141e+00  1.77827941e+09  7.13409765e-01  1.77827941e+09  7.13555793e-01  1.77827941e+09  1.12255973e+01  1.77827941e+09  9.99794640e-01 
 1.88364909e+09  6.09997017e+00  1.88364909e+09  1.00019879e+00  1.88364909e+09  7.12145070e-01  1.88364909e+09  7.12316046e-01  1.88364909e+09  1.16582191e+01  1.88364909e+09  9.99761111e-01 
 1.99526231e+09  6.28859780e+00  1.99526231e+09  1.00022991e+00  1.99526231e+09  7.10853329e-01  1.99526231e+09  7.11052699e-01  1.99526231e+09  1.20497814e+01  1.99526231e+09  9.99723109e-01 
 2.11348904e+09  6.50528360e+00  2.11348904e+09  1.00026522e+00  2.11348904e+09  7.09542134e-01  2.11348904e+09  7.09773664e-01  2.11348904e+09  1.23947395e+01  2.11348904e+09  9.99680195e-01 
 2.23872114e+09  6.75327748e+00  2.23872114e+09  1.00030522e+00  2.23872114e+09  7.08219491e-01  2.23872114e+09  7.08487270e-01  2.23872114e+09  1.26883717e+01  2.23872114e+09  9.99631905e-01 
 2.37137371e+09  7.03604562e+00  2.37137371e+09  1.00035044e+00  2.37137371e+09  7.06893607e-01  2.37137371e+09  7.07202052e-01  2.37137371e+09  1.29269293e+01  2.37137371e+09  9.99577749e-01 
 2.51188643e+09  7.35725512e+00  2.51188643e+09  1.00040148e+00  2.51188643e+09  7.05572663e-01  2.51188643e+09  7.05926525e-01  2.51188643e+09  1.31077434e+01  2.51188643e+09  9.99517211e-01 
 2.66072506e+09  7.72075588e+00  2.66072506e+09  1.00045895e+00  2.66072506e+09  7.04264596e-01  2.66072506e+09  7.04668957e-01  2.66072506e+09  1.32292816e+01  2.66072506e+09  9.99449755e-01 
 2.81838293e+09  8.13056132e+00  2.81838293e+09  1.00052354e+00  2.81838293e+09  7.02976879e-01  2.81838293e+09  7.03437152e-01  2.81838293e+09  1.32911526e+01  2.81838293e+09  9.99374823e-01 
 2.98538262e+09  8.59082992e+00  2.98538262e+09  1.00059595e+00  2.98538262e+09  7.01716337e-01  2.98538262e+09  7.02238266e-01  2.98538262e+09  1.32940598e+01  2.98538262e+09  9.99291843e-01 
 3.16227766e+09  9.10585054e+00  3.16227766e+09  1.00067689e+00  3.16227766e+09  7.00488992e-01  3.16227766e+09  7.01078643e-01  3.16227766e+09  1.32397105e+01  3.16227766e+09  9.99200232e-01 
 3.34965439e+09  9.68003542e+00  3.34965439e+09  1.00076711e+00  3.34965439e+09  6.99299941e-01  3.34965439e+09  6.99963697e-01  3.34965439e+09  1.31306878e+01  3.34965439e+09  9.99099408e-01 
 3.54813389e+09  1.03179264e+01  3.54813389e+09  1.00086734e+00  3.54813389e+09  6.98153281e-01  3.54813389e+09  6.98897833e-01  3.54813389e+09  1.29702958e+01  3.54813389e+09  9.98988789e-01 
 3.75837404e+09  1.10242216e+01  3.75837404e+09  1.00097830e+00  3.75837404e+09  6.97052071e-01  3.75837404e+09  6.97884404e-01  3.75837404e+09  1.27623890e+01  3.75837404e+09  9.98867807e-01 
 3.98107171e+09  1.18038314e+01  3.98107171e+09  1.00110072e+00  3.98107171e+09  6.95998327e-01  3.98107171e+09  6.96925705e-01  3.98107171e+09  1.25111969e+01  3.98107171e+09  9.98735911e-01 
 4.21696503e+09  1.26619757e+01  4.21696503e+09  1.00123526e+00  4.21696503e+09  6.94993050e-01  4.21696503e+09  6.96023004e-01  4.21696503e+09  1.22211539e+01  4.21696503e+09  9.98592574e-01 
 4.46683592e+09  1.36043372e+01  4.46683592e+09  1.00138258e+00  4.46683592e+09  6.94036272e-01  4.46683592e+09  6.95176582e-01  4.46683592e+09  1.18967425e+01  4.46683592e+09  9.98437292e-01 
 4.73151259e+09  1.46372853e+01  4.73151259e+09  1.00154333e+00  4.73151259e+09  6.93127121e-01  4.73151259e+09  6.94385806e-01  4.73151259e+09  1.15423565e+01  4.73151259e+09  9.98269580e-01 
 5.01187234e+09  1.57681910e+01  5.01187234e+09  1.00171811e+00  5.01187234e+09  6.92263885e-01  5.01187234e+09  6.93649199e-01  5.01187234e+09  1.11621896e+01  5.01187234e+09  9.98088967e-01 
 5.30884444e+09  1.70058492e+01  5.30884444e+09  1.00190754e+00  5.30884444e+09  6.91444079e-01  5.30884444e+09  6.92964516e-01  5.30884444e+09  1.07601515e+01  5.30884444e+09  9.97894974e-01 
 5.62341325e+09  1.83610253e+01  5.62341325e+09  1.00211228e+00  5.62341325e+09  6.90664506e-01  5.62341325e+09  6.92328829e-01  5.62341325e+09  1.03398146e+01  5.62341325e+09  9.97687096e-01 
 5.95662144e+09  1.98471372e+01  5.95662144e+09  1.00233301e+00  5.95662144e+09  6.89921312e-01  5.95662144e+09  6.91738593e-01  5.95662144e+09  9.90439143e+00  5.95662144e+09  9.97464769e-01 
 6.30957344e+09  2.14810734e+01  6.30957344e+09  1.00257052e+00  6.30957344e+09  6.89210036e-01  6.30957344e+09  6.91189730e-01  6.30957344e+09  9.45674244e+00  6.30957344e+09  9.97227338e-01 
 6.68343918e+09  2.32841346e+01  6.68343918e+09  1.00282572e+00  6.68343918e+09  6.88525663e-01  6.68343918e+09  6.90677698e-01  6.68343918e+09  8.99941417e+00  6.68343918e+09  9.96974025e-01 
 7.07945784e+09  2.52830660e+01  7.07945784e+09  1.00309962e+00  7.07945784e+09  6.87862698e-01  7.07945784e+09  6.90197585e-01  7.07945784e+09  8.53470480e+00  7.07945784e+09  9.96703913e-01 
 7.49894209e+09  2.75111260e+01  7.49894209e+09  1.00339338e+00  7.49894209e+09  6.87215265e-01  7.49894209e+09  6.89744209e-01  7.49894209e+09  8.06475348e+00  7.49894209e+09  9.96415947e-01 
 7.94328235e+09  3.00091114e+01  7.94328235e+09  1.00370820e+00  7.94328235e+09  6.86577258e-01  7.94328235e+09  6.89312252e-01  7.94328235e+09  7.59164656e+00  7.94328235e+09  9.96108971e-01 
 8.41395142e+09  3.28262448e+01  8.41395142e+09  1.00404527e+00  8.41395142e+09  6.85942557e-01  8.41395142e+09  6.88896418e-01  8.41395142e+09  7.11753028e+00  8.41395142e+09  9.95781810e-01 
 8.91250938e+09  3.60208215e+01  8.91250938e+09  1.00440563e+00  8.91250938e+09  6.85305302e-01  8.91250938e+09  6.88491628e-01  8.91250938e+09  6.64471584e+00  8.91250938e+09  9.95433409e-01 
 9.44060876e+09  3.96605270e+01  9.44060876e+09  1.00478992e+00  9.44060876e+09  6.84660228e-01  9.44060876e+09  6.88093234e-01  9.44060876e+09  6.17575930e+00  9.44060876e+09  9.95063005e-01 
 1.00000000e+10  4.38223751e+01  1.00000000e+10  1.00519825e+00  1.00000000e+10  6.84003010e-01  1.00000000e+10  6.87697220e-01  1.00000000e+10  5.71349805e+00  1.00000000e+10  9.94670336e-01 
 1.05925373e+10  4.85922719e+01  1.05925373e+10  1.00562994e+00  1.05925373e+10  6.83330575e-01  1.05925373e+10  6.87300382e-01  1.05925373e+10  5.26102923e+00  1.05925373e+10  9.94255835e-01 
 1.12201845e+10  5.40642886e+01  1.12201845e+10  1.00608344e+00  1.12201845e+10  6.82641301e-01  1.12201845e+10  6.86900421e-01  1.12201845e+10  4.82162309e+00  1.12201845e+10  9.93820761e-01 
 1.18850223e+10  6.03397899e+01  1.18850223e+10  1.00655628e+00  1.18850223e+10  6.81935059e-01  1.18850223e+10  6.86495949e-01  1.18850223e+10  4.39857720e+00  1.18850223e+10  9.93367244e-01 
 1.25892541e+10  6.75266183e+01  1.25892541e+10  1.00704519e+00  1.25892541e+10  6.81213053e-01  1.25892541e+10  6.86086362e-01  1.25892541e+10  3.99503037e+00  1.25892541e+10  9.92898199e-01 
 1.33352143e+10  7.57385532e+01  1.33352143e+10  1.00754633e+00  1.33352143e+10  6.80477474e-01  1.33352143e+10  6.85671625e-01  1.33352143e+10  3.61376567e+00  1.33352143e+10  9.92417112e-01 
 1.41253754e+10  8.50952511e+01  1.41253754e+10  1.00805564e+00  1.41253754e+10  6.79731013e-01  1.41253754e+10  6.85251983e-01  1.41253754e+10  3.25703541e+00  1.41253754e+10  9.91927740e-01 
 1.49623566e+10  9.57228509e+01  1.49623566e+10  1.00856918e+00  1.49623566e+10  6.78976324e-01  1.49623566e+10  6.84827646e-01  1.49623566e+10  2.92643578e+00  1.49623566e+10  9.91433760e-01 
 1.58489319e+10  1.07755405e+02  1.58489319e+10  1.00908350e+00  1.58489319e+10  6.78215508e-01  1.58489319e+10  6.84398511e-01  1.58489319e+10  2.62284747e+00  1.58489319e+10  9.90938431e-01 
 1.67880402e+10  1.21337309e+02  1.67880402e+10  1.00959593e+00  1.67880402e+10  6.77449704e-01  1.67880402e+10  6.83963930e-01  1.67880402e+10  2.34644441e+00  1.67880402e+10  9.90444321e-01 
 1.77827941e+10  1.36626969e+02  1.77827941e+10  1.01010474e+00  1.77827941e+10  6.76678804e-01  1.77827941e+10  6.83522572e-01  1.77827941e+10  2.09676023e+00  1.77827941e+10  9.89953115e-01 
 1.88364909e+10  1.53802044e+02  1.88364909e+10  1.01060924e+00  1.88364909e+10  6.75901309e-01  1.88364909e+10  6.83072348e-01  1.88364909e+10  1.87279468e+00  1.88364909e+10  9.89465521e-01 
 1.99526231e+10  1.73066837e+02  1.99526231e+10  1.01110979e+00  1.99526231e+10  6.75114299e-01  1.99526231e+10  6.82610399e-01  1.99526231e+10  1.67313993e+00  1.99526231e+10  9.88981257e-01 
 2.11348904e+10  1.94662671e+02  2.11348904e+10  1.01160774e+00  2.11348904e+10  6.74313489e-01  2.11348904e+10  6.82133125e-01  2.11348904e+10  1.49610907e+00  2.11348904e+10  9.88499094e-01 
 2.23872114e+10  2.18882549e+02  2.23872114e+10  1.01210535e+00  2.23872114e+10  6.73493325e-01  2.23872114e+10  6.81636236e-01  2.23872114e+10  1.33985396e+00  2.23872114e+10  9.88016935e-01 
 2.37137371e+10  2.46092099e+02  2.37137371e+10  1.01260566e+00  2.37137371e+10  6.72647097e-01  2.37137371e+10  6.81114798e-01  2.37137371e+10  1.20246451e+00  2.37137371e+10  9.87531914e-01 
 2.51188643e+10  2.76759827e+02  2.51188643e+10  1.01311244e+00  2.51188643e+10  6.71767051e-01  2.51188643e+10  6.80563283e-01  2.51188643e+10  1.08204666e+00  2.51188643e+10  9.87040485e-01 
 2.66072506e+10  3.11501547e+02  2.66072506e+10  1.01363005e+00  2.66072506e+10  6.70844470e-01  2.66072506e+10  6.79975594e-01  2.66072506e+10  9.76779142e-01  2.66072506e+10  9.86538504e-01 
 2.81838293e+10  3.51146822e+02  2.81838293e+10  1.01416343e+00  2.81838293e+10  6.69869744e-01  2.81838293e+10  6.79345085e-01  2.81838293e+10  8.84951461e-01  2.81838293e+10  9.86021291e-01 
 2.98538262e+10  3.96840644e+02  2.98538262e+10  1.01471804e+00  2.98538262e+10  6.68832405e-01  2.98538262e+10  6.78664559e-01  2.98538262e+10  8.04986381e-01  2.98538262e+10  9.85483677e-01 
