 1.00000000e+07  2.32859470e+03  1.00000000e+07  1.00000000e+00  1.00000000e+07  8.09727018e-01  1.00000000e+07  8.09727019e-01  1.00000000e+07  9.58632382e-04  1.00000000e+07  9.99999999e-01 
 1.05925373e+07  2.42019733e+03  1.05925373e+07  1.00000000e+00  1.05925373e+07  8.05858861e-01  1.05925373e+07  8.05858861e-01  1.05925373e+07  1.03739392e-03  1.05925373e+07  9.99999999e-01 
 1.12201845e+07  2.49976269e+03  1.12201845e+07  1.00000000e+00  1.12201845e+07  8.02133340e-01  1.12201845e+07  8.02133341e-01  1.12201845e+07  1.12239311e-03  1.12201845e+07  9.99999999e-01 
 1.18850223e+07  2.56328248e+03  1.18850223e+07  1.00000000e+00  1.18850223e+07  7.98540662e-01  1.18850223e+07  7.98540663e-01  1.18850223e+07  1.21442146e-03  1.18850223e+07  9.99999999e-01 
 1.25892541e+07  2.60647834e+03  1.25892541e+07  1.00000000e+00  1.25892541e+07  7.95070618e-01  1.25892541e+07  7.95070619e-01  1.25892541e+07  1.31443079e-03  1.25892541e+07  9.99999999e-01 
 1.33352143e+07  2.62498463e+03  1.33352143e+07  1.00000000e+00  1.33352143e+07  7.91712980e-01  1.33352143e+07  7.91712981e-01  1.33352143e+07  1.42356906e-03  1.33352143e+07  9.99999999e-01 
 1.41253754e+07  2.61460951e+03  1.41253754e+07  1.00000000e+00  1.41253754e+07  7.88457851e-01  1.41253754e+07  7.88457852e-01  1.41253754e+07  1.54322423e-03  1.41253754e+07  9.99999998e-01 
 1.49623566e+07  2.57166967e+03  1.49623566e+07  1.00000000e+00  1.49623566e+07  7.85295987e-01  1.49623566e+07  7.85295988e-01  1.49623566e+07  1.67507712e-03  1.49623566e+07  9.99999998e-01 
 1.58489319e+07  2.49338792e+03  1.58489319e+07  1.00000000e+00  1.58489319e+07  7.82219060e-01  1.58489319e+07  7.82219062e-01  1.58489319e+07  1.82116408e-03  1.58489319e+07  9.99999998e-01 
 1.67880402e+07  2.37832494e+03  1.67880402e+07  1.00000000e+00  1.67880402e+07  7.79219882e-01  1.67880402e+07  7.79219884e-01  1.67880402e+07  1.98394969e-03  1.67880402e+07  9.99999997e-01 
 1.77827941e+07  2.22677565e+03  1.77827941e+07  1.00000000e+00  1.77827941e+07  7.76292570e-01  1.77827941e+07  7.76292572e-01  1.77827941e+07  2.16640916e-03  1.77827941e+07  9.99999997e-01 
 1.88364909e+07  2.04108036e+03  1.88364909e+07  1.00000000e+00  1.88364909e+07  7.73432656e-01  1.88364909e+07  7.73432658e-01  1.88364909e+07  2.37211867e-03  1.88364909e+07  9.99999997e-01 
 1.99526231e+07  1.82575811e+03  1.99526231e+07  1.00000000e+00  1.99526231e+07  7.70637142e-01  1.99526231e+07  7.70637145e-01  1.99526231e+07  2.60535129e-03  1.99526231e+07  9.99999997e-01 
 2.11348904e+07  1.58740523e+03  2.11348904e+07  1.00000000e+00  2.11348904e+07  7.67904496e-01  2.11348904e+07  7.67904499e-01  2.11348904e+07  2.87117496e-03  2.11348904e+07  9.99999997e-01 
 2.23872114e+07  1.33432385e+03  2.23872114e+07  1.00000000e+00  2.23872114e+07  7.65234592e-01  2.23872114e+07  7.65234595e-01  2.23872114e+07  3.17554853e-03  2.23872114e+07  9.99999997e-01 
 2.37137371e+07  1.07589956e+03  2.37137371e+07  1.00000000e+00  2.37137371e+07  7.62628592e-01  2.37137371e+07  7.62628594e-01  2.37137371e+07  3.52541231e-03  2.37137371e+07  9.99999997e-01 
 2.51188643e+07  8.21806668e+02  2.51188643e+07  1.00000000e+00  2.51188643e+07  7.60088782e-01  2.51188643e+07  7.60088784e-01  2.51188643e+07  3.92877066e-03  2.51188643e+07  9.99999997e-01 
 2.66072506e+07  5.81160214e+02  2.66072506e+07  1.00000000e+00  2.66072506e+07  7.57618366e-01  2.66072506e+07  7.57618368e-01  2.66072506e+07  4.39476600e-03  2.66072506e+07  9.99999997e-01 
 2.81838293e+07  3.61747840e+02  2.81838293e+07  1.00000000e+00  2.81838293e+07  7.55221230e-01  2.81838293e+07  7.55221232e-01  2.81838293e+07  4.93374647e-03  2.81838293e+07  9.99999998e-01 
 2.98538262e+07  1.69458310e+02  2.98538262e+07  1.00000000e+00  2.98538262e+07  7.52901682e-01  2.98538262e+07  7.52901683e-01  2.98538262e+07  5.55733146e-03  2.98538262e+07  9.99999999e-01 
 3.16227766e+07  7.97538298e+00  3.16227766e+07  1.00000000e+00  3.16227766e+07  7.50664193e-01  3.16227766e+07  7.50664193e-01  3.16227766e+07  6.27848126e-03  3.16227766e+07  1.00000000e+00 
 3.34965439e+07 -1.21249728e+02  3.34965439e+07  9.99999999e-01  3.34965439e+07  7.48513144e-01  3.34965439e+07  7.48513143e-01  3.34965439e+07  7.11157801e-03  3.34965439e+07  1.00000000e+00 
 3.54813389e+07 -2.18788651e+02  3.54813389e+07  9.99999997e-01  3.54813389e+07  7.46452595e-01  3.54813389e+07  7.46452593e-01  3.54813389e+07  8.07252500e-03  3.54813389e+07  1.00000000e+00 
 3.75837404e+07 -2.86858433e+02  3.75837404e+07  9.99999995e-01  3.75837404e+07  7.44486081e-01  3.75837404e+07  7.44486077e-01  3.75837404e+07  9.17887071e-03  3.75837404e+07  1.00000001e+00 
 3.98107171e+07 -3.28857112e+02  3.98107171e+07  9.99999992e-01  3.98107171e+07  7.42616456e-01  3.98107171e+07  7.42616450e-01  3.98107171e+07  1.04499630e-02  3.98107171e+07  1.00000001e+00 
 4.21696503e+07 -3.48886509e+02  4.21696503e+07  9.99999990e-01  4.21696503e+07  7.40845772e-01  4.21696503e+07  7.40845764e-01  4.21696503e+07  1.19071379e-02  4.21696503e+07  1.00000001e+00 
 4.46683592e+07 -3.51316005e+02  4.46683592e+07  9.99999987e-01  4.46683592e+07  7.39175208e-01  4.46683592e+07  7.39175198e-01  4.46683592e+07  1.35739463e-02  4.46683592e+07  1.00000001e+00 
 4.73151259e+07 -3.40423699e+02  4.73151259e+07  9.99999983e-01  4.73151259e+07  7.37605047e-01  4.73151259e+07  7.37605035e-01  4.73151259e+07  1.54764223e-02  4.73151259e+07  1.00000002e+00 
 5.01187234e+07 -3.20131322e+02  5.01187234e+07  9.99999980e-01  5.01187234e+07  7.36134680e-01  5.01187234e+07  7.36134665e-01  5.01187234e+07  1.76433949e-02  5.01187234e+07  1.00000002e+00 
 5.30884444e+07 -2.93834826e+02  5.30884444e+07  9.99999977e-01  5.30884444e+07  7.34762657e-01  5.30884444e+07  7.34762640e-01  5.30884444e+07  2.01068478e-02  5.30884444e+07  1.00000002e+00 
 5.62341325e+07 -2.64322142e+02  5.62341325e+07  9.99999973e-01  5.62341325e+07  7.33486757e-01  5.62341325e+07  7.33486737e-01  5.62341325e+07  2.29023277e-02  5.62341325e+07  1.00000003e+00 
 5.95662144e+07 -2.33762037e+02  5.95662144e+07  9.99999969e-01  5.95662144e+07  7.32304081e-01  5.95662144e+07  7.32304058e-01  5.95662144e+07  2.60694084e-02  5.95662144e+07  1.00000003e+00 
 6.30957344e+07 -2.03745047e+02  6.30957344e+07  9.99999965e-01  6.30957344e+07  7.31211151e-01  6.30957344e+07  7.31211126e-01  6.30957344e+07  2.96522099e-02  6.30957344e+07  1.00000003e+00 
 6.68343918e+07 -1.75357223e+02  6.68343918e+07  9.99999962e-01  6.68343918e+07  7.30204024e-01  6.68343918e+07  7.30203997e-01  6.68343918e+07  3.36999823e-02  6.68343918e+07  1.00000004e+00 
 7.07945784e+07 -1.49269440e+02  7.07945784e+07  9.99999958e-01  7.07945784e+07  7.29278399e-01  7.07945784e+07  7.29278368e-01  7.07945784e+07  3.82677543e-02  7.07945784e+07  1.00000004e+00 
 7.49894209e+07 -1.25829086e+02  7.49894209e+07  9.99999955e-01  7.49894209e+07  7.28429717e-01  7.49894209e+07  7.28429684e-01  7.49894209e+07  4.34170577e-02  7.49894209e+07  1.00000005e+00 
 7.94328235e+07 -1.05144973e+02  7.94328235e+07  9.99999951e-01  7.94328235e+07  7.27653265e-01  7.94328235e+07  7.27653229e-01  7.94328235e+07  4.92167296e-02  7.94328235e+07  1.00000005e+00 
 8.41395142e+07 -8.71603558e+01  8.41395142e+07  9.99999948e-01  8.41395142e+07  7.26944254e-01  8.41395142e+07  7.26944216e-01  8.41395142e+07  5.57438041e-02  8.41395142e+07  1.00000005e+00 
 8.91250938e+07 -7.17120345e+01  8.91250938e+07  9.99999945e-01  8.91250938e+07  7.26297899e-01  8.91250938e+07  7.26297859e-01  8.91250938e+07  6.30844996e-02  8.91250938e+07  1.00000005e+00 
 9.44060876e+07 -5.85757128e+01  9.44060876e+07  9.99999943e-01  9.44060876e+07  7.25709478e-01  9.44060876e+07  7.25709436e-01  9.44060876e+07  7.13353119e-02  9.44060876e+07  1.00000006e+00 
 1.00000000e+08 -4.74990942e+01  1.00000000e+08  9.99999940e-01  1.00000000e+08  7.25174386e-01  1.00000000e+08  7.25174343e-01  1.00000000e+08  8.06042236e-02  1.00000000e+08  1.00000006e+00 
 1.05925373e+08 -3.82247639e+01  1.05925373e+08  9.99999939e-01  1.05925373e+08  7.24688171e-01  1.05925373e+08  7.24688126e-01  1.05925373e+08  9.10120406e-02  1.05925373e+08  1.00000006e+00 
 1.12201845e+08 -3.05050424e+01  1.12201845e+08  9.99999937e-01  1.12201845e+08  7.24246566e-01  1.12201845e+08  7.24246520e-01  1.12201845e+08  1.02693867e-01  1.12201845e+08  1.00000006e+00 
 1.18850223e+08 -2.41108174e+01  1.18850223e+08  9.99999936e-01  1.18850223e+08  7.23845506e-01  1.18850223e+08  7.23845459e-01  1.18850223e+08  1.15800731e-01  1.18850223e+08  1.00000006e+00 
 1.25892541e+08 -1.88360622e+01  1.25892541e+08  9.99999936e-01  1.25892541e+08  7.23481143e-01  1.25892541e+08  7.23481096e-01  1.25892541e+08  1.30501373e-01  1.25892541e+08  1.00000006e+00 
 1.33352143e+08 -1.44994011e+01  1.33352143e+08  9.99999936e-01  1.33352143e+08  7.23149851e-01  1.33352143e+08  7.23149804e-01  1.33352143e+08  1.46984211e-01  1.33352143e+08  1.00000006e+00 
 1.41253754e+08 -1.09437636e+01  1.41253754e+08  9.99999938e-01  1.41253754e+08  7.22848220e-01  1.41253754e+08  7.22848174e-01  1.41253754e+08  1.65459492e-01  1.41253754e+08  1.00000006e+00 
 1.49623566e+08 -8.03488535e+00  1.49623566e+08  9.99999940e-01  1.49623566e+08  7.22573056e-01  1.49623566e+08  7.22573012e-01  1.49623566e+08  1.86161640e-01  1.49623566e+08  1.00000006e+00 
 1.58489319e+08 -5.65919242e+00  1.58489319e+08  9.99999944e-01  1.58489319e+08  7.22321368e-01  1.58489319e+08  7.22321326e-01  1.58489319e+08  2.09351811e-01  1.58489319e+08  1.00000005e+00 
 1.67880402e+08 -3.72142604e+00  1.67880402e+08  9.99999950e-01  1.67880402e+08  7.22090351e-01  1.67880402e+08  7.22090312e-01  1.67880402e+08  2.35320664e-01  1.67880402e+08  1.00000005e+00 
 1.77827941e+08 -2.14224646e+00  1.77827941e+08  9.99999958e-01  1.77827941e+08  7.21877376e-01  1.77827941e+08  7.21877342e-01  1.77827941e+08  2.64391344e-01  1.77827941e+08  1.00000004e+00 
 1.88364909e+08 -8.55952373e-01  1.88364909e+08  9.99999969e-01  1.88364909e+08  7.21679965e-01  1.88364909e+08  7.21679938e-01  1.88364909e+08  2.96922677e-01  1.88364909e+08  1.00000003e+00 
 1.99526231e+08  1.91604199e-01  1.99526231e+08  9.99999983e-01  1.99526231e+08  7.21495783e-01  1.99526231e+08  7.21495765e-01  1.99526231e+08  3.33312578e-01  1.99526231e+08  1.00000001e+00 
 2.11348904e+08  1.04487351e+00  2.11348904e+08  1.00000000e+00  2.11348904e+08  7.21322614e-01  2.11348904e+08  7.21322608e-01  2.11348904e+08  3.74001630e-01  2.11348904e+08  9.99999991e-01 
 2.23872114e+08  1.74022599e+00  2.23872114e+08  1.00000003e+00  2.23872114e+08  7.21158348e-01  2.23872114e+08  7.21158356e-01  2.23872114e+08  4.19476826e-01  2.23872114e+08  9.99999965e-01 
 2.37137371e+08  2.30734129e+00  2.37137371e+08  1.00000006e+00  2.37137371e+08  7.21000963e-01  2.37137371e+08  7.21000991e-01  2.37137371e+08  4.70275424e-01  2.37137371e+08  9.99999932e-01 
 2.51188643e+08  2.77038697e+00  2.51188643e+08  1.00000009e+00  2.51188643e+08  7.20848511e-01  2.51188643e+08  7.20848566e-01  2.51188643e+08  5.26988828e-01  2.51188643e+08  9.99999890e-01 
 2.66072506e+08  3.14900858e+00  2.66072506e+08  1.00000014e+00  2.66072506e+08  7.20699102e-01  2.66072506e+08  7.20699188e-01  2.66072506e+08  5.90266441e-01  2.66072506e+08  9.99999836e-01 
 2.81838293e+08  3.45915521e+00  2.81838293e+08  1.00000021e+00  2.81838293e+08  7.20550881e-01  2.81838293e+08  7.20551009e-01  2.81838293e+08  6.60819345e-01  2.81838293e+08  9.99999767e-01 
 2.98538262e+08  3.71376336e+00  2.98538262e+08  1.00000029e+00  2.98538262e+08  7.20402016e-01  2.98538262e+08  7.20402196e-01  2.98538262e+08  7.39423661e-01  2.98538262e+08  9.99999681e-01 
 3.16227766e+08  3.92332068e+00  3.16227766e+08  1.00000039e+00  3.16227766e+08  7.20250678e-01  3.16227766e+08  7.20250925e-01  3.16227766e+08  8.26923407e-01  3.16227766e+08  9.99999571e-01 
 3.34965439e+08  4.09632838e+00  3.34965439e+08  1.00000052e+00  3.34965439e+08  7.20095027e-01  3.34965439e+08  7.20095358e-01  3.34965439e+08  9.24232584e-01  3.34965439e+08  9.99999434e-01 
 3.54813389e+08  4.23967959e+00  3.54813389e+08  1.00000067e+00  3.54813389e+08  7.19933190e-01  3.54813389e+08  7.19933626e-01  3.54813389e+08  1.03233622e+00  3.54813389e+08  9.99999261e-01 
 3.75837404e+08  4.35896782e+00  3.75837404e+08  1.00000087e+00  3.75837404e+08  7.19763251e-01  3.75837404e+08  7.19763820e-01  3.75837404e+08  1.15228998e+00  3.75837404e+08  9.99999045e-01 
 3.98107171e+08  4.45873797e+00  3.98107171e+08  1.00000112e+00  3.98107171e+08  7.19583232e-01  3.98107171e+08  7.19583967e-01  3.98107171e+08  1.28521793e+00  3.98107171e+08  9.99998774e-01 
 4.21696503e+08  4.54269041e+00  4.21696503e+08  1.00000143e+00  4.21696503e+08  7.19391082e-01  4.21696503e+08  7.19392026e-01  4.21696503e+08  1.43230792e+00  4.21696503e+08  9.99998435e-01 
 4.46683592e+08  4.61384656e+00  4.46683592e+08  1.00000182e+00  4.46683592e+08  7.19184664e-01  4.46683592e+08  7.19185869e-01  4.46683592e+08  1.59480406e+00  4.46683592e+08  9.99998013e-01 
 4.73151259e+08  4.67468343e+00  4.73151259e+08  1.00000230e+00  4.73151259e+08  7.18961748e-01  4.73151259e+08  7.18963279e-01  4.73151259e+08  1.77399553e+00  4.73151259e+08  9.99997489e-01 
 5.01187234e+08  4.72724286e+00  5.01187234e+08  1.00000289e+00  5.01187234e+08  7.18719997e-01  5.01187234e+08  7.18721934e-01  5.01187234e+08  1.97120116e+00  5.01187234e+08  9.99996837e-01 
 5.30884444e+08  4.77322056e+00  5.30884444e+08  1.00000362e+00  5.30884444e+08  7.18456972e-01  5.30884444e+08  7.18459413e-01  5.30884444e+08  2.18774892e+00  5.30884444e+08  9.99996031e-01 
 5.62341325e+08  4.81403879e+00  5.62341325e+08  1.00000452e+00  5.62341325e+08  7.18170121e-01  5.62341325e+08  7.18173189e-01  5.62341325e+08  2.42494959e+00  5.62341325e+08  9.99995035e-01 
 5.95662144e+08  4.85090610e+00  5.95662144e+08  1.00000562e+00  5.95662144e+08  7.17856792e-01  5.95662144e+08  7.17860636e-01  5.95662144e+08  2.68406398e+00  5.95662144e+08  9.99993807e-01 
 6.30957344e+08  4.88486682e+00  6.30957344e+08  1.00000697e+00  6.30957344e+08  7.17514238e-01  6.30957344e+08  7.17519041e-01  6.30957344e+08  2.96626304e+00  6.30957344e+08  9.99992299e-01 
 6.68343918e+08  4.91684237e+00  6.68343918e+08  1.00000862e+00  6.68343918e+08  7.17139633e-01  6.68343918e+08  7.17145618e-01  6.68343918e+08  3.27258050e+00  6.68343918e+08  9.99990451e-01 
 7.07945784e+08  4.94766644e+00  7.07945784e+08  1.00001063e+00  7.07945784e+08  7.16730100e-01  7.07945784e+08  7.16737536e-01  7.07945784e+08  3.60385807e+00  7.07945784e+08  9.99988193e-01 
 7.49894209e+08  4.97811529e+00  7.49894209e+08  1.00001306e+00  7.49894209e+08  7.16282736e-01  7.49894209e+08  7.16291952e-01  7.49894209e+08  3.96068341e+00  7.49894209e+08  9.99985444e-01 
 7.94328235e+08  5.00893447e+00  7.94328235e+08  1.00001599e+00  7.94328235e+08  7.15794663e-01  7.94328235e+08  7.15806052e-01  7.94328235e+08  4.34332196e+00  7.94328235e+08  9.99982108e-01 
 8.41395142e+08  5.04086298e+00  8.41395142e+08  1.00001951e+00  8.41395142e+08  7.15263071e-01  8.41395142e+08  7.15277109e-01  8.41395142e+08  4.75164424e+00  8.41395142e+08  9.99978076e-01 
 8.91250938e+08  5.07465560e+00  8.91250938e+08  1.00002372e+00  8.91250938e+08  7.14685292e-01  8.91250938e+08  7.14702543e-01  8.91250938e+08  5.18505099e+00  8.91250938e+08  9.99973221e-01 
 9.44060876e+08  5.11110400e+00  9.44060876e+08  1.00002874e+00  9.44060876e+08  7.14058862e-01  9.44060876e+08  7.14080000e-01  9.44060876e+08  5.64239972e+00  9.44060876e+08  9.99967397e-01 
 1.00000000e+09  5.15105706e+00  1.00000000e+09  1.00003469e+00  1.00000000e+09  7.13381618e-01  1.00000000e+09  7.13407438e-01  1.00000000e+09  6.12193660e+00  1.00000000e+09  9.99960442e-01 
 1.05925373e+09  5.19544086e+00  1.05925373e+09  1.00004172e+00  1.05925373e+09  7.12651778e-01  1.05925373e+09  7.12683216e-01  1.05925373e+09  6.62123905e+00  1.05925373e+09  9.99952173e-01 
 1.12201845e+09  5.24527832e+00  1.12201845e+09  1.00004998e+00  1.12201845e+09  7.11868052e-01  1.12201845e+09  7.11906201e-01  1.12201845e+09  7.13717441e+00  1.12201845e+09  9.99942384e-01 
 1.18850223e+09  5.30170859e+00  1.18850223e+09  1.00005966e+00  1.18850223e+09  7.11029732e-01  1.18850223e+09  7.11075864e-01  1.18850223e+09  7.66588070e+00  1.18850223e+09  9.99930851e-01 
 1.25892541e+09  5.36600615e+00  1.25892541e+09  1.00007092e+00  1.25892541e+09  7.10136801e-01  1.25892541e+09  7.10192382e-01  1.25892541e+09  8.20277504e+00  1.25892541e+09  9.99917327e-01 
 1.33352143e+09  5.43959927e+00  1.33352143e+09  1.00008400e+00  1.33352143e+09  7.09190017e-01  1.33352143e+09  7.09256731e-01  1.33352143e+09  8.74259446e+00  1.33352143e+09  9.99901541e-01 
 1.41253754e+09  5.52408751e+00  1.41253754e+09  1.00009911e+00  1.41253754e+09  7.08190995e-01  1.41253754e+09  7.08270760e-01  1.41253754e+09  9.27947264e+00  1.41253754e+09  9.99883203e-01 
 1.49623566e+09  5.62125782e+00  1.49623566e+09  1.00011651e+00  1.49623566e+09  7.07142259e-01  1.49623566e+09  7.07237246e-01  1.49623566e+09  9.80705340e+00  1.49623566e+09  9.99861998e-01 
 1.58489319e+09  5.73309867e+00  1.58489319e+09  1.00013647e+00  1.58489319e+09  7.06047272e-01  1.58489319e+09  7.06159924e-01  1.58489319e+09  1.03186398e+01  1.58489319e+09  9.99837591e-01 
 1.67880402e+09  5.86181160e+00  1.67880402e+09  1.00015930e+00  1.67880402e+09  7.04910431e-01  1.67880402e+09  7.05043475e-01  1.67880402e+09  1.08073740e+01  1.67880402e+09  9.99809622e-01 
 1.77827941e+09  6.00981969e+00  1.77827941e+09  1.00018535e+00  1.77827941e+09  7.03737024e-01  1.77827941e+09  7.03893485e-01  1.77827941e+09  1.12664409e+01  1.77827941e+09  9.99777709e-01 
 1.88364909e+09  6.17977250e+00  1.88364909e+09  1.00021499e+00  1.88364909e+09  7.02533143e-01  1.88364909e+09  7.02716358e-01  1.88364909e+09  1.16892842e+01  1.88364909e+09  9.99741446e-01 
 1.99526231e+09  6.37454700e+00  1.99526231e+09  1.00024865e+00  1.99526231e+09  7.01305566e-01  1.99526231e+09  7.01519188e-01  1.99526231e+09  1.20698245e+01  1.99526231e+09  9.99700401e-01 
 2.11348904e+09  6.59724449e+00  2.11348904e+09  1.00028680e+00  2.11348904e+09  7.00061596e-01  2.11348904e+09  7.00309606e-01  2.11348904e+09  1.24026637e+01  2.11348904e+09  9.99654118e-01 
 2.23872114e+09  6.85118354e+00  2.23872114e+09  1.00032995e+00  2.23872114e+09  6.98808878e-01  2.23872114e+09  6.99095584e-01  2.23872114e+09  1.26832647e+01  2.23872114e+09  9.99602115e-01 
 2.37137371e+09  7.13988952e+00  2.37137371e+09  1.00037867e+00  2.37137371e+09  6.97555187e-01  2.37137371e+09  6.97885232e-01  2.37137371e+09  1.29080939e+01  2.37137371e+09  9.99543884e-01 
 2.51188643e+09  7.46708147e+00  2.51188643e+09  1.00043357e+00  2.51188643e+09  6.96308219e-01  2.51188643e+09  6.96686577e-01  2.51188643e+09  1.30747179e+01  2.51188643e+09  9.99478893e-01 
 2.66072506e+09  7.83665786e+00  2.66072506e+09  1.00049532e+00  2.66072506e+09  6.95075375e-01  2.66072506e+09  6.95507355e-01  2.66072506e+09  1.31818485e+01  2.66072506e+09  9.99406587e-01 
 2.81838293e+09  8.25268314e+00  2.81838293e+09  1.00056462e+00  2.81838293e+09  6.93863569e-01  2.81838293e+09  6.94354811e-01  2.81838293e+09  1.32293358e+01  2.81838293e+09  9.99326389e-01 
 2.98538262e+09  8.71937810e+00  2.98538262e+09  1.00064219e+00  2.98538262e+09  6.92679049e-01  2.98538262e+09  6.93235523e-01  2.98538262e+09  1.32181103e+01  2.98538262e+09  9.99237708e-01 
 3.16227766e+09  9.24111775e+00  3.16227766e+09  1.00072880e+00  3.16227766e+09  6.91527263e-01  3.16227766e+09  6.92155262e-01  3.16227766e+09  1.31500828e+01  3.16227766e+09  9.99139941e-01 
 3.34965439e+09  9.82244227e+00  3.34965439e+09  1.00082522e+00  3.34965439e+09  6.90412746e-01  3.34965439e+09  6.91118886e-01  3.34965439e+09  1.30280077e+01  3.34965439e+09  9.99032475e-01 
 3.54813389e+09  1.04680877e+01  3.54813389e+09  1.00093223e+00  3.54813389e+09  6.89339059e-01  3.54813389e+09  6.90130270e-01  3.54813389e+09  1.28553238e+01  3.54813389e+09  9.98914698e-01 
 3.75837404e+09  1.11830454e+01  3.75837404e+09  1.00105061e+00  3.75837404e+09  6.88308751e-01  3.75837404e+09  6.89192274e-01  3.75837404e+09  1.26359805e+01  3.75837404e+09  9.98785999e-01 
 3.98107171e+09  1.19726627e+01  3.98107171e+09  1.00118114e+00  3.98107171e+09  6.87323357e-01  3.98107171e+09  6.88306740e-01  3.98107171e+09  1.23742634e+01  3.98107171e+09  9.98645768e-01 
 4.21696503e+09  1.28427967e+01  4.21696503e+09  1.00132459e+00  4.21696503e+09  6.86383420e-01  4.21696503e+09  6.87474519e-01  4.21696503e+09  1.20746263e+01  4.21696503e+09  9.98493396e-01 
 4.46683592e+09  1.38000407e+01  4.46683592e+09  1.00148175e+00  4.46683592e+09  6.85488527e-01  4.46683592e+09  6.86695511e-01  4.46683592e+09  1.17415396e+01  4.46683592e+09  9.98328266e-01 
 4.73151259e+09  1.48520394e+01  4.73151259e+09  1.00165341e+00  4.73151259e+09  6.84637349e-01  4.73151259e+09  6.85968721e-01  4.73151259e+09  1.13793600e+01  4.73151259e+09  9.98149740e-01 
 5.01187234e+09  1.60079158e+01  5.01187234e+09  1.00184041e+00  5.01187234e+09  6.83827695e-01  5.01187234e+09  6.85292324e-01  5.01187234e+09  1.09922273e+01  5.01187234e+09  9.97957133e-01 
 5.30884444e+09  1.72788257e+01  5.30884444e+09  1.00204368e+00  5.30884444e+09  6.83056543e-01  5.30884444e+09  6.84663723e-01  5.30884444e+09  1.05839899e+01  5.30884444e+09  9.97749683e-01 
 5.62341325e+09  1.86786584e+01  5.62341325e+09  1.00226422e+00  5.62341325e+09  6.82320083e-01  5.62341325e+09  6.84079615e-01  5.62341325e+09  1.01581606e+01  5.62341325e+09  9.97526513e-01 
 5.95662144e+09  2.02248897e+01  5.95662144e+09  1.00250325e+00  5.95662144e+09  6.81613741e-01  5.95662144e+09  6.83536049e-01  5.95662144e+09  9.71790449e+00  5.95662144e+09  9.97286583e-01 
 6.30957344e+09  2.19395850e+01  6.30957344e+09  1.00276213e+00  6.30957344e+09  6.80932217e-01  6.30957344e+09  6.83028494e-01  6.30957344e+09  9.26605652e+00  6.30957344e+09  9.97028651e-01 
 6.68343918e+09  2.38505298e+01  6.68343918e+09  1.00304249e+00  6.68343918e+09  6.80269530e-01  6.68343918e+09  6.82551911e-01  6.68343918e+09  8.80516828e+00  6.68343918e+09  9.96751237e-01 
 7.07945784e+09  2.59924479e+01  7.07945784e+09  1.00334617e+00  7.07945784e+09  6.79619107e-01  7.07945784e+09  6.82100844e-01  7.07945784e+09  8.33758050e+00  7.07945784e+09  9.96452617e-01 
 7.49894209e+09  2.84082432e+01  7.49894209e+09  1.00367522e+00  7.49894209e+09  6.78973917e-01  7.49894209e+09  6.81669552e-01  7.49894209e+09  7.86551593e+00  7.49894209e+09  9.96130849e-01 
 7.94328235e+09  3.11501836e+01  7.94328235e+09  1.00403176e+00  7.94328235e+09  6.78326692e-01  7.94328235e+09  6.81252164e-01  7.94328235e+09  7.39118413e+00  7.94328235e+09  9.95783869e-01 
 8.41395142e+09  3.42809382e+01  8.41395142e+09  1.00441786e+00  8.41395142e+09  6.77670232e-01  8.41395142e+09  6.80842889e-01  8.41395142e+09  6.91688656e+00  8.41395142e+09  9.95409636e-01 
 8.91250938e+09  3.78743891e+01  8.91250938e+09  1.00483526e+00  8.91250938e+09  6.76997795e-01  8.91250938e+09  6.80436268e-01  8.91250938e+09  6.44510648e+00  8.91250938e+09  9.95006362e-01 
 9.44060876e+09  4.20161724e+01  9.44060876e+09  1.00528514e+00  9.44060876e+09  6.76303545e-01  9.44060876e+09  6.80027434e-01  9.44060876e+09  5.97856668e+00  9.44060876e+09  9.94572779e-01 
 1.00000000e+10  4.68039622e+01  1.00000000e+10  1.00576776e+00  1.00000000e+10  6.75583005e-01  1.00000000e+10  6.79612366e-01  1.00000000e+10  5.52023904e+00  1.00000000e+10  9.94108431e-01 
 1.05925373e+10  5.23475894e+01  1.05925373e+10  1.00628227e+00  1.05925373e+10  6.74833423e-01  1.05925373e+10  6.79188087e-01  1.05925373e+10  5.07329489e+00  1.05925373e+10  9.93613922e-01 
 1.12201845e+10  5.87691697e+01  1.12201845e+10  1.00682653e+00  1.12201845e+10  6.74053977e-01  1.12201845e+10  6.78752757e-01  1.12201845e+10  4.64099552e+00  1.12201845e+10  9.93091063e-01 
 1.18850223e+10  6.62034945e+01  1.18850223e+10  1.00739717e+00  1.18850223e+10  6.73245756e-01  1.18850223e+10  6.78305627e-01  1.18850223e+10  4.22653362e+00  1.18850223e+10  9.92542872e-01 
 1.25892541e+10  7.47989916e+01  1.25892541e+10  1.00798974e+00  1.25892541e+10  6.72411473e-01  1.25892541e+10  6.77846865e-01  1.25892541e+10  3.83284884e+00  1.25892541e+10  9.91973402e-01 
 1.33352143e+10  8.47196047e+01  1.33352143e+10  1.00859914e+00  1.33352143e+10  6.71554965e-01  1.33352143e+10  6.77377249e-01  1.33352143e+10  3.46244696e+00  1.33352143e+10  9.91387411e-01 
 1.41253754e+10  9.61479731e+01  1.41253754e+10  1.00922000e+00  1.41253754e+10  6.70680540e-01  1.41253754e+10  6.76897800e-01  1.41253754e+10  3.11725248e+00  1.41253754e+10  9.90789925e-01 
 1.49623566e+10  1.09290354e+02  1.49623566e+10  1.00984724e+00  1.49623566e+10  6.69792292e-01  1.49623566e+10  6.76409404e-01  1.49623566e+10  2.79851636e+00  1.49623566e+10  9.90185773e-01 
 1.58489319e+10  1.24383854e+02  1.58489319e+10  1.01047646e+00  1.58489319e+10  6.68893477e-01  1.58489319e+10  6.75912473e-01  1.58489319e+10  2.50678860e+00  1.58489319e+10  9.89579158e-01 
 1.67880402e+10  1.41706759e+02  1.67880402e+10  1.01110433e+00  1.67880402e+10  6.67986031e-01  1.67880402e+10  6.75406695e-01  1.67880402e+10  2.24195252e+00  1.67880402e+10  9.88973322e-01 
 1.77827941e+10  1.61593163e+02  1.77827941e+10  1.01172875e+00  1.77827941e+10  6.67070258e-01  1.77827941e+10  6.74890872e-01  1.77827941e+10  2.00330733e+00  1.77827941e+10  9.88370333e-01 
 1.88364909e+10  1.84453700e+02  1.88364909e+10  1.01234897e+00  1.88364909e+10  6.66144685e-01  1.88364909e+10  6.74362855e-01  1.88364909e+10  1.78968100e+00  1.88364909e+10  9.87770985e-01 
 1.99526231e+10  2.10805251e+02  1.99526231e+10  1.01296557e+00  1.99526231e+10  6.65206063e-01  1.99526231e+10  6.73819540e-01  1.99526231e+10  1.59955497e+00  1.99526231e+10  9.87174805e-01 
 2.11348904e+10  2.41314044e+02  2.11348904e+10  1.01358039e+00  2.11348904e+10  6.64249442e-01  2.11348904e+10  6.73256910e-01  2.11348904e+10  1.43118548e+00  2.11348904e+10  9.86580122e-01 
 2.23872114e+10  2.76859214e+02  2.23872114e+10  1.01419639e+00  2.23872114e+10  6.63268314e-01  2.23872114e+10  6.72670103e-01  2.23872114e+10  1.28271135e+00  2.23872114e+10  9.85984176e-01 
 2.37137371e+10  3.18628047e+02  2.37137371e+10  1.01481754e+00  2.37137371e+10  6.62254756e-01  2.37137371e+10  6.72053477e-01  2.37137371e+10  1.15224250e+00  2.37137371e+10  9.85383240e-01 
 2.51188643e+10  3.68260802e+02  2.51188643e+10  1.01544869e+00  2.51188643e+10  6.61199564e-01  2.51188643e+10  6.71400662e-01  2.51188643e+10  1.03792773e+00  2.51188643e+10  9.84772733e-01 
 2.66072506e+10  4.28073113e+02  2.66072506e+10  1.01609551e+00  2.66072506e+10  6.60092369e-01  2.66072506e+10  6.70704607e-01  2.66072506e+10  9.38002862e-01  2.66072506e+10  9.84147317e-01 
 2.81838293e+10  5.01396239e+02  2.81838293e+10  1.01676435e+00  2.81838293e+10  6.58921713e-01  2.81838293e+10  6.69957601e-01  2.81838293e+10  8.50821830e-01  2.81838293e+10  9.83500970e-01 
 2.98538262e+10  5.93076819e+02  2.98538262e+10  1.01746227e+00  2.98538262e+10  6.57675098e-01  2.98538262e+10  6.69151279e-01  2.98538262e+10  7.74874013e-01  2.98538262e+10  9.82827030e-01 
