 1.00000000e+07  2.79268549e+03  1.00000000e+07  1.00000000e+00  1.00000000e+07  8.08491046e-01  1.00000000e+07  8.08491047e-01  1.00000000e+07  1.14872093e-03  1.00000000e+07  9.99999999e-01 
 1.05925373e+07  2.81918580e+03  1.05925373e+07  1.00000000e+00  1.05925373e+07  8.04800682e-01  1.05925373e+07  8.04800683e-01  1.05925373e+07  1.25224141e-03  1.05925373e+07  9.99999999e-01 
 1.12201845e+07  2.82314519e+03  1.12201845e+07  1.00000000e+00  1.12201845e+07  8.01268310e-01  1.12201845e+07  8.01268311e-01  1.12201845e+07  1.36561440e-03  1.12201845e+07  9.99999999e-01 
 1.18850223e+07  2.80177738e+03  1.18850223e+07  1.00000000e+00  1.18850223e+07  7.97883279e-01  1.18850223e+07  7.97883280e-01  1.18850223e+07  1.49023781e-03  1.18850223e+07  9.99999999e-01 
 1.25892541e+07  2.75283109e+03  1.25892541e+07  1.00000000e+00  1.25892541e+07  7.94634416e-01  1.25892541e+07  7.94634417e-01  1.25892541e+07  1.62777324e-03  1.25892541e+07  9.99999999e-01 
 1.33352143e+07  2.67478915e+03  1.33352143e+07  1.00000000e+00  1.33352143e+07  7.91510382e-01  1.33352143e+07  7.91510383e-01  1.33352143e+07  1.78019710e-03  1.33352143e+07  9.99999998e-01 
 1.41253754e+07  2.56708466e+03  1.41253754e+07  1.00000000e+00  1.41253754e+07  7.88499987e-01  1.41253754e+07  7.88499988e-01  1.41253754e+07  1.94986096e-03  1.41253754e+07  9.99999998e-01 
 1.49623566e+07  2.43026423e+03  1.49623566e+07  1.00000000e+00  1.49623566e+07  7.85592481e-01  1.49623566e+07  7.85592482e-01  1.49623566e+07  2.13956189e-03  1.49623566e+07  9.99999998e-01 
 1.58489319e+07  2.26610764e+03  1.58489319e+07  1.00000000e+00  1.58489319e+07  7.82777798e-01  1.58489319e+07  7.82777799e-01  1.58489319e+07  2.35262338e-03  1.58489319e+07  9.99999998e-01 
 1.67880402e+07  2.07766612e+03  1.67880402e+07  1.00000000e+00  1.67880402e+07  7.80046768e-01  1.67880402e+07  7.80046770e-01  1.67880402e+07  2.59298682e-03  1.67880402e+07  9.99999997e-01 
 1.77827941e+07  1.86920153e+03  1.77827941e+07  1.00000000e+00  1.77827941e+07  7.77391292e-01  1.77827941e+07  7.77391294e-01  1.77827941e+07  2.86531293e-03  1.77827941e+07  9.99999997e-01 
 1.88364909e+07  1.64602504e+03  1.88364909e+07  1.00000000e+00  1.88364909e+07  7.74804479e-01  1.88364909e+07  7.74804482e-01  1.88364909e+07  3.17509189e-03  1.88364909e+07  9.99999997e-01 
 1.99526231e+07  1.41423024e+03  1.99526231e+07  1.00000000e+00  1.99526231e+07  7.72280744e-01  1.99526231e+07  7.72280747e-01  1.99526231e+07  3.52876026e-03  1.99526231e+07  9.99999997e-01 
 2.11348904e+07  1.18034380e+03  2.11348904e+07  1.00000000e+00  2.11348904e+07  7.69815866e-01  2.11348904e+07  7.69815869e-01  2.11348904e+07  3.93382226e-03  2.11348904e+07  9.99999997e-01 
 2.23872114e+07  9.50919923e+02  2.23872114e+07  1.00000000e+00  2.23872114e+07  7.67407005e-01  2.23872114e+07  7.67407007e-01  2.23872114e+07  4.39897302e-03  2.23872114e+07  9.99999997e-01 
 2.37137371e+07  7.32125569e+02  2.37137371e+07  1.00000000e+00  2.37137371e+07  7.65052672e-01  2.37137371e+07  7.65052675e-01  2.37137371e+07  4.93422187e-03  2.37137371e+07  9.99999997e-01 
 2.51188643e+07  5.29357136e+02  2.51188643e+07  1.00000000e+00  2.51188643e+07  7.62752661e-01  2.51188643e+07  7.62752663e-01  2.51188643e+07  5.55101440e-03  2.51188643e+07  9.99999997e-01 
 2.66072506e+07  3.46937190e+02  2.66072506e+07  1.00000000e+00  2.66072506e+07  7.60507925e-01  2.66072506e+07  7.60507927e-01  2.66072506e+07  6.26235360e-03  2.66072506e+07  9.99999998e-01 
 2.81838293e+07  1.87915367e+02  2.81838293e+07  1.00000000e+00  2.81838293e+07  7.58320429e-01  2.81838293e+07  7.58320430e-01  2.81838293e+07  7.08292198e-03  2.81838293e+07  9.99999998e-01 
 2.98538262e+07  5.39912459e+01  2.98538262e+07  1.00000000e+00  2.98538262e+07  7.56192950e-01  2.98538262e+07  7.56192951e-01  2.98538262e+07  8.02920800e-03  2.98538262e+07  9.99999999e-01 
 3.16227766e+07 -5.44454930e+01  3.16227766e+07  9.99999999e-01  3.16227766e+07  7.54128869e-01  3.16227766e+07  7.54128868e-01  3.16227766e+07  9.11964184e-03  3.16227766e+07  1.00000000e+00 
 3.34965439e+07 -1.38176176e+02  3.34965439e+07  9.99999998e-01  3.34965439e+07  7.52131936e-01  3.34965439e+07  7.52131934e-01  3.34965439e+07  1.03747465e-02  3.34965439e+07  1.00000000e+00 
 3.54813389e+07 -1.98943983e+02  3.54813389e+07  9.99999995e-01  3.54813389e+07  7.50206040e-01  3.54813389e+07  7.50206037e-01  3.54813389e+07  1.18173108e-02  3.54813389e+07  1.00000000e+00 
 3.75837404e+07 -2.39204912e+02  3.75837404e+07  9.99999993e-01  3.75837404e+07  7.48354981e-01  3.75837404e+07  7.48354976e-01  3.75837404e+07  1.34725917e-02  3.75837404e+07  1.00000001e+00 
 3.98107171e+07 -2.61868408e+02  3.98107171e+07  9.99999990e-01  3.98107171e+07  7.46582269e-01  3.98107171e+07  7.46582261e-01  3.98107171e+07  1.53685523e-02  3.98107171e+07  1.00000001e+00 
 4.21696503e+07 -2.70051284e+02  4.21696503e+07  9.99999987e-01  4.21696503e+07  7.44890943e-01  4.21696503e+07  7.44890934e-01  4.21696503e+07  1.75361433e-02  4.21696503e+07  1.00000001e+00 
 4.46683592e+07 -2.66862784e+02  4.46683592e+07  9.99999984e-01  4.46683592e+07  7.43283438e-01  4.46683592e+07  7.43283426e-01  4.46683592e+07  2.00096333e-02  4.46683592e+07  1.00000002e+00 
 4.73151259e+07 -2.55231707e+02  4.73151259e+07  9.99999981e-01  4.73151259e+07  7.41761480e-01  4.73151259e+07  7.41761465e-01  4.73151259e+07  2.28269948e-02  4.73151259e+07  1.00000002e+00 
 5.01187234e+07 -2.37781130e+02  5.01187234e+07  9.99999977e-01  5.01187234e+07  7.40326025e-01  5.01187234e+07  7.40326008e-01  5.01187234e+07  2.60303516e-02  5.01187234e+07  1.00000002e+00 
 5.30884444e+07 -2.16750994e+02  5.30884444e+07  9.99999973e-01  5.30884444e+07  7.38977242e-01  5.30884444e+07  7.38977222e-01  5.30884444e+07  2.96664928e-02  5.30884444e+07  1.00000003e+00 
 5.62341325e+07 -1.93964869e+02  5.62341325e+07  9.99999969e-01  5.62341325e+07  7.37714522e-01  5.62341325e+07  7.37714499e-01  5.62341325e+07  3.37874591e-02  5.62341325e+07  1.00000003e+00 
 5.95662144e+07 -1.70833605e+02  5.95662144e+07  9.99999965e-01  5.95662144e+07  7.36536523e-01  5.95662144e+07  7.36536498e-01  5.95662144e+07  3.84512076e-02  5.95662144e+07  1.00000003e+00 
 6.30957344e+07 -1.48386767e+02  6.30957344e+07  9.99999961e-01  6.30957344e+07  7.35441234e-01  6.30957344e+07  7.35441205e-01  6.30957344e+07  4.37223596e-02  6.30957344e+07  1.00000004e+00 
 6.68343918e+07 -1.27322073e+02  6.68343918e+07  9.99999957e-01  6.68343918e+07  7.34426056e-01  6.68343918e+07  7.34426024e-01  6.68343918e+07  4.96730396e-02  6.68343918e+07  1.00000004e+00 
 7.07945784e+07 -1.08063602e+02  7.07945784e+07  9.99999953e-01  7.07945784e+07  7.33487894e-01  7.07945784e+07  7.33487860e-01  7.07945784e+07  5.63838116e-02  7.07945784e+07  1.00000005e+00 
 7.49894209e+07 -9.08213440e+01  7.49894209e+07  9.99999950e-01  7.49894209e+07  7.32623255e-01  7.49894209e+07  7.32623218e-01  7.49894209e+07  6.39447221e-02  7.49894209e+07  1.00000005e+00 
 7.94328235e+07 -7.56466666e+01  7.94328235e+07  9.99999946e-01  7.94328235e+07  7.31828336e-01  7.94328235e+07  7.31828297e-01  7.94328235e+07  7.24564570e-02  7.94328235e+07  1.00000005e+00 
 8.41395142e+07 -6.24804279e+01  8.41395142e+07  9.99999943e-01  8.41395142e+07  7.31099121e-01  8.41395142e+07  7.31099079e-01  8.41395142e+07  8.20316254e-02  8.41395142e+07  1.00000006e+00 
 8.91250938e+07 -5.11923436e+01  8.91250938e+07  9.99999940e-01  8.91250938e+07  7.30431460e-01  8.91250938e+07  7.30431417e-01  8.91250938e+07  9.27961788e-02  8.91250938e+07  1.00000006e+00 
 9.44060876e+07 -4.16115221e+01  9.44060876e+07  9.99999938e-01  9.44060876e+07  7.29821143e-01  9.44060876e+07  7.29821098e-01  9.44060876e+07  1.04890981e-01  9.44060876e+07  1.00000006e+00 
 1.00000000e+08 -3.35489725e+01  1.00000000e+08  9.99999936e-01  1.00000000e+08  7.29263963e-01  1.00000000e+08  7.29263916e-01  1.00000000e+08  1.18473537e-01  1.00000000e+08  1.00000006e+00 
 1.05925373e+08 -2.68133098e+01  1.05925373e+08  9.99999934e-01  1.05925373e+08  7.28755768e-01  1.05925373e+08  7.28755720e-01  1.05925373e+08  1.33719905e-01  1.05925373e+08  1.00000007e+00 
 1.12201845e+08 -2.12210350e+01  1.12201845e+08  9.99999933e-01  1.12201845e+08  7.28292504e-01  1.12201845e+08  7.28292454e-01  1.12201845e+08  1.50826792e-01  1.12201845e+08  1.00000007e+00 
 1.18850223e+08 -1.66026821e+01  1.18850223e+08  9.99999933e-01  1.18850223e+08  7.27870246e-01  1.18850223e+08  7.27870196e-01  1.18850223e+08  1.70013856e-01  1.18850223e+08  1.00000007e+00 
 1.25892541e+08 -1.28059698e+01  1.25892541e+08  9.99999933e-01  1.25892541e+08  7.27485223e-01  1.25892541e+08  7.27485173e-01  1.25892541e+08  1.91526231e-01  1.25892541e+08  1.00000007e+00 
 1.33352143e+08 -9.69687824e+00  1.33352143e+08  9.99999934e-01  1.33352143e+08  7.27133832e-01  1.33352143e+08  7.27133782e-01  1.33352143e+08  2.15637281e-01  1.33352143e+08  1.00000006e+00 
 1.41253754e+08 -7.15936677e+00  1.41253754e+08  9.99999936e-01  1.41253754e+08  7.26812648e-01  1.41253754e+08  7.26812600e-01  1.41253754e+08  2.42651599e-01  1.41253754e+08  1.00000006e+00 
 1.49623566e+08 -5.09426477e+00  1.49623566e+08  9.99999940e-01  1.49623566e+08  7.26518428e-01  1.49623566e+08  7.26518382e-01  1.49623566e+08  2.72908252e-01  1.49623566e+08  1.00000006e+00 
 1.58489319e+08 -3.41771409e+00  1.58489319e+08  9.99999945e-01  1.58489319e+08  7.26248108e-01  1.58489319e+08  7.26248064e-01  1.58489319e+08  3.06784289e-01  1.58489319e+08  1.00000005e+00 
 1.67880402e+08 -2.05942113e+00  1.67880402e+08  9.99999952e-01  1.67880402e+08  7.25998794e-01  1.67880402e+08  7.25998755e-01  1.67880402e+08  3.44698497e-01  1.67880402e+08  1.00000004e+00 
 1.77827941e+08 -9.60889370e-01  1.77827941e+08  9.99999961e-01  1.77827941e+08  7.25767755e-01  1.77827941e+08  7.25767722e-01  1.77827941e+08  3.87115396e-01  1.77827941e+08  1.00000003e+00 
 1.88364909e+08 -7.37347241e-02  1.88364909e+08  9.99999973e-01  1.88364909e+08  7.25552404e-01  1.88364909e+08  7.25552378e-01  1.88364909e+08  4.34549466e-01  1.88364909e+08  1.00000002e+00 
 1.99526231e+08  6.41858023e-01  1.99526231e+08  9.99999989e-01  1.99526231e+08  7.25350281e-01  1.99526231e+08  7.25350264e-01  1.99526231e+08  4.87569546e-01  1.99526231e+08  1.00000000e+00 
 2.11348904e+08  1.21851100e+00  2.11348904e+08  1.00000001e+00  2.11348904e+08  7.25159030e-01  2.11348904e+08  7.25159026e-01  2.11348904e+08  5.46803382e-01  2.11348904e+08  9.99999980e-01 
 2.23872114e+08  1.68285468e+00  2.23872114e+08  1.00000003e+00  2.23872114e+08  7.24976386e-01  2.23872114e+08  7.24976398e-01  2.23872114e+08  6.12942223e-01  2.23872114e+08  9.99999951e-01 
 2.37137371e+08  2.05656052e+00  2.37137371e+08  1.00000007e+00  2.37137371e+08  7.24800155e-01  2.37137371e+08  7.24800188e-01  2.37137371e+08  6.86745383e-01  2.37137371e+08  9.99999915e-01 
 2.51188643e+08  2.35721773e+00  2.51188643e+08  1.00000011e+00  2.51188643e+08  7.24628204e-01  2.51188643e+08  7.24628262e-01  2.51188643e+08  7.69044620e-01  2.51188643e+08  9.99999869e-01 
 2.66072506e+08  2.59907034e+00  2.66072506e+08  1.00000016e+00  2.66072506e+08  7.24458444e-01  2.66072506e+08  7.24458535e-01  2.66072506e+08  8.60748156e-01  2.66072506e+08  9.99999811e-01 
 2.81838293e+08  2.79363191e+00  2.81838293e+08  1.00000022e+00  2.81838293e+08  7.24288819e-01  2.81838293e+08  7.24288950e-01  2.81838293e+08  9.62844116e-01  2.81838293e+08  9.99999739e-01 
 2.98538262e+08  2.95019489e+00  2.98538262e+08  1.00000030e+00  2.98538262e+08  7.24117287e-01  2.98538262e+08  7.24117471e-01  2.98538262e+08  1.07640308e+00  2.98538262e+08  9.99999647e-01 
 3.16227766e+08  3.07625022e+00  3.16227766e+08  1.00000041e+00  3.16227766e+08  7.23941810e-01  3.16227766e+08  7.23942060e-01  3.16227766e+08  1.20257942e+00  3.16227766e+08  9.99999533e-01 
 3.34965439e+08  3.17783175e+00  3.34965439e+08  1.00000053e+00  3.34965439e+08  7.23760336e-01  3.34965439e+08  7.23760668e-01  3.34965439e+08  1.34261097e+00  3.34965439e+08  9.99999390e-01 
 3.54813389e+08  3.25979766e+00  3.54813389e+08  1.00000069e+00  3.54813389e+08  7.23570781e-01  3.54813389e+08  7.23571216e-01  3.54813389e+08  1.49781650e+00  3.54813389e+08  9.99999211e-01 
 3.75837404e+08  3.32605993e+00  3.75837404e+08  1.00000089e+00  3.75837404e+08  7.23371021e-01  3.75837404e+08  7.23371585e-01  3.75837404e+08  1.66959042e+00  3.75837404e+08  9.99998987e-01 
 3.98107171e+08  3.37977097e+00  3.98107171e+08  1.00000113e+00  3.98107171e+08  7.23158879e-01  3.98107171e+08  7.23159605e-01  3.98107171e+08  1.85939398e+00  3.98107171e+08  9.99998709e-01 
 4.21696503e+08  3.42347526e+00  4.21696503e+08  1.00000143e+00  4.21696503e+08  7.22932114e-01  4.21696503e+08  7.22933042e-01  4.21696503e+08  2.06874220e+00  4.21696503e+08  9.99998364e-01 
 4.46683592e+08  3.45923252e+00  4.46683592e+08  1.00000180e+00  4.46683592e+08  7.22688419e-01  4.46683592e+08  7.22689601e-01  4.46683592e+08  2.29918562e+00  4.46683592e+08  9.99997934e-01 
 4.73151259e+08  3.48871778e+00  4.73151259e+08  1.00000226e+00  4.73151259e+08  7.22425419e-01  4.73151259e+08  7.22426916e-01  4.73151259e+08  2.55228600e+00  4.73151259e+08  9.99997403e-01 
 5.01187234e+08  3.51330296e+00  5.01187234e+08  1.00000283e+00  5.01187234e+08  7.22140669e-01  5.01187234e+08  7.22142559e-01  5.01187234e+08  2.82958496e+00  5.01187234e+08  9.99996745e-01 
 5.30884444e+08  3.53412356e+00  5.30884444e+08  1.00000352e+00  5.30884444e+08  7.21831667e-01  5.30884444e+08  7.21834047e-01  5.30884444e+08  3.13256478e+00  5.30884444e+08  9.99995934e-01 
 5.62341325e+08  3.55213358e+00  5.62341325e+08  1.00000436e+00  5.62341325e+08  7.21495867e-01  5.62341325e+08  7.21498853e-01  5.62341325e+08  3.46260046e+00  5.62341325e+08  9.99994935e-01 
 5.95662144e+08  3.56815117e+00  5.95662144e+08  1.00000539e+00  5.95662144e+08  7.21130694e-01  5.95662144e+08  7.21134433e-01  5.95662144e+08  3.82090269e+00  5.95662144e+08  9.99993708e-01 
 6.30957344e+08  3.58289698e+00  6.30957344e+08  1.00000664e+00  6.30957344e+08  7.20733580e-01  6.30957344e+08  7.20738251e-01  6.30957344e+08  4.20845139e+00  6.30957344e+08  9.99992206e-01 
 6.68343918e+08  3.59702701e+00  6.68343918e+08  1.00000816e+00  6.68343918e+08  7.20301996e-01  6.68343918e+08  7.20307816e-01  6.68343918e+08  4.62592042e+00  6.68343918e+08  9.99990370e-01 
 7.07945784e+08  3.61116122e+00  7.07945784e+08  1.00000999e+00  7.07945784e+08  7.19833499e-01  7.07945784e+08  7.19840734e-01  7.07945784e+08  5.07359444e+00  7.07945784e+08  9.99988136e-01 
 7.49894209e+08  3.62590906e+00  7.49894209e+08  1.00001219e+00  7.49894209e+08  7.19325785e-01  7.49894209e+08  7.19334760e-01  7.49894209e+08  5.55127997e+00  7.49894209e+08  9.99985423e-01 
 7.94328235e+08  3.64189266e+00  7.94328235e+08  1.00001482e+00  7.94328235e+08  7.18776760e-01  7.94328235e+08  7.18787865e-01  7.94328235e+08  6.05821371e+00  7.94328235e+08  9.99982142e-01 
 8.41395142e+08  3.65976858e+00  8.41395142e+08  1.00001797e+00  8.41395142e+08  7.18184602e-01  8.41395142e+08  7.18198310e-01  8.41395142e+08  6.59297244e+00  8.41395142e+08  9.99978186e-01 
 8.91250938e+08  3.68024827e+00  8.91250938e+08  1.00002170e+00  8.91250938e+08  7.17547851e-01  8.91250938e+08  7.17564727e-01  8.91250938e+08  7.15338978e+00  8.91250938e+08  9.99973436e-01 
 9.44060876e+08  3.70411781e+00  9.44060876e+08  1.00002612e+00  9.44060876e+08  7.16865486e-01  9.44060876e+08  7.16886204e-01  9.44060876e+08  7.73648647e+00  9.44060876e+08  9.99967754e-01 
 1.00000000e+09  3.73225696e+00  1.00000000e+09  1.00003134e+00  1.00000000e+09  7.16137014e-01  1.00000000e+09  7.16162375e-01  1.00000000e+09  8.33842150e+00  1.00000000e+09  9.99960984e-01 
 1.05925373e+09  3.76565751e+00  1.05925373e+09  1.00003748e+00  1.05925373e+09  7.15362549e-01  1.05925373e+09  7.15393497e-01  1.05925373e+09  8.95447159e+00  1.05925373e+09  9.99952950e-01 
 1.12201845e+09  3.80544081e+00  1.12201845e+09  1.00004466e+00  1.12201845e+09  7.14542889e-01  1.12201845e+09  7.14580531e-01  1.12201845e+09  9.57904666e+00  1.12201845e+09  9.99943456e-01 
 1.18850223e+09  3.85287423e+00  1.18850223e+09  1.00005305e+00  1.18850223e+09  7.13679576e-01  1.18850223e+09  7.13725203e-01  1.18850223e+09  1.02057472e+01  1.18850223e+09  9.99932285e-01 
 1.25892541e+09  3.90938617e+00  1.25892541e+09  1.00006283e+00  1.25892541e+09  7.12774937e-01  1.25892541e+09  7.12830041e-01  1.25892541e+09  1.08274681e+01  1.25892541e+09  9.99919194e-01 
 1.33352143e+09  3.97657919e+00  1.33352143e+09  1.00007420e+00  1.33352143e+09  7.11832102e-01  1.33352143e+09  7.11898398e-01  1.33352143e+09  1.14365493e+01  1.33352143e+09  9.99903918e-01 
 1.41253754e+09  4.05624083e+00  1.41253754e+09  1.00008739e+00  1.41253754e+09  7.10854990e-01  1.41253754e+09  7.10934435e-01  1.41253754e+09  1.20249712e+01  1.41253754e+09  9.99886165e-01 
 1.49623566e+09  4.15035166e+00  1.49623566e+09  1.00010266e+00  1.49623566e+09  7.09848262e-01  1.49623566e+09  7.09943073e-01  1.49623566e+09  1.25845886e+01  1.49623566e+09  9.99865616e-01 
 1.58489319e+09  4.26109028e+00  1.58489319e+09  1.00012033e+00  1.58489319e+09  7.08817244e-01  1.58489319e+09  7.08929916e-01  1.58489319e+09  1.31073905e+01  1.58489319e+09  9.99841924e-01 
 1.67880402e+09  4.39083477e+00  1.67880402e+09  1.00014075e+00  1.67880402e+09  7.07767816e-01  1.67880402e+09  7.07901135e-01  1.67880402e+09  1.35857732e+01  1.67880402e+09  9.99814713e-01 
 1.77827941e+09  4.54216061e+00  1.77827941e+09  1.00016432e+00  1.77827941e+09  7.06706264e-01  1.77827941e+09  7.06863324e-01  1.77827941e+09  1.40128088e+01  1.77827941e+09  9.99783575e-01 
 1.88364909e+09  4.71783500e+00  1.88364909e+09  1.00019149e+00  1.88364909e+09  7.05639124e-01  1.88364909e+09  7.05823335e-01  1.88364909e+09  1.43824916e+01  1.88364909e+09  9.99748071e-01 
 1.99526231e+09  4.92080748e+00  1.99526231e+09  1.00022277e+00  1.99526231e+09  7.04573001e-01  1.99526231e+09  7.04788100e-01  1.99526231e+09  1.46899457e+01  1.99526231e+09  9.99707729e-01 
 2.11348904e+09  5.15419727e+00  2.11348904e+09  1.00025872e+00  2.11348904e+09  7.03514385e-01  2.11348904e+09  7.03764445e-01  2.11348904e+09  1.49315809e+01  2.11348904e+09  9.99662048e-01 
 2.23872114e+09  5.42127751e+00  2.23872114e+09  1.00029997e+00  2.23872114e+09  7.02469478e-01  2.23872114e+09  7.02758915e-01  2.23872114e+09  1.51051852e+01  2.23872114e+09  9.99610493e-01 
 2.37137371e+09  5.72545681e+00  2.37137371e+09  1.00034718e+00  2.37137371e+09  7.01444028e-01  2.37137371e+09  7.01777606e-01  2.37137371e+09  1.52099515e+01  2.37137371e+09  9.99552502e-01 
 2.51188643e+09  6.07025866e+00  2.51188643e+09  1.00040105e+00  2.51188643e+09  7.00443194e-01  2.51188643e+09  7.00826029e-01  2.51188643e+09  1.52464385e+01  2.51188643e+09  9.99487488e-01 
 2.66072506e+09  6.45929950e+00  2.66072506e+09  1.00046232e+00  2.66072506e+09  6.99471436e-01  2.66072506e+09  6.99909000e-01  2.66072506e+09  1.52164717e+01  2.66072506e+09  9.99414841e-01 
 2.81838293e+09  6.89626657e+00  2.81838293e+09  1.00053177e+00  2.81838293e+09  6.98532439e-01  2.81838293e+09  6.99030561e-01  2.81838293e+09  1.51229956e+01  2.81838293e+09  9.99333939e-01 
 2.98538262e+09  7.38489732e+00  2.98538262e+09  1.00061017e+00  2.98538262e+09  6.97629069e-01  2.98538262e+09  6.98193937e-01  2.98538262e+09  1.49698890e+01  2.98538262e+09  9.99244147e-01 
 3.16227766e+09  7.92896298e+00  3.16227766e+09  1.00069829e+00  3.16227766e+09  6.96763368e-01  3.16227766e+09  6.97401520e-01  3.16227766e+09  1.47617575e+01  3.16227766e+09  9.99144832e-01 
 3.34965439e+09  8.53226030e+00  3.34965439e+09  1.00079693e+00  3.34965439e+09  6.95936563e-01  3.34965439e+09  6.96654885e-01  3.34965439e+09  1.45037177e+01  3.34965439e+09  9.99035365e-01 
 3.54813389e+09  9.19861705e+00  3.54813389e+09  1.00090681e+00  3.54813389e+09  6.95149111e-01  3.54813389e+09  6.95954827e-01  3.54813389e+09  1.42011852e+01  3.54813389e+09  9.98915135e-01 
 3.75837404e+09  9.93191938e+00  3.75837404e+09  1.00102869e+00  3.75837404e+09  6.94400756e-01  3.75837404e+09  6.95301413e-01  3.75837404e+09  1.38596760e+01  3.75837404e+09  9.98783551e-01 
 3.98107171e+09  1.07361715e+01  3.98107171e+09  1.00116323e+00  3.98107171e+09  6.93690590e-01  3.98107171e+09  6.94694039e-01  3.98107171e+09  1.34846298e+01  3.98107171e+09  9.98640049e-01 
 4.21696503e+09  1.16156015e+01  4.21696503e+09  1.00131112e+00  4.21696503e+09  6.93017118e-01  4.21696503e+09  6.94131504e-01  4.21696503e+09  1.30812599e+01  4.21696503e+09  9.98484097e-01 
 4.46683592e+09  1.25748302e+01  4.46683592e+09  1.00147296e+00  4.46683592e+09  6.92378325e-01  4.46683592e+09  6.93612064e-01  4.46683592e+09  1.26544325e+01  4.46683592e+09  9.98315187e-01 
 4.73151259e+09  1.36191230e+01  4.73151259e+09  1.00164937e+00  4.73151259e+09  6.91771720e-01  4.73151259e+09  6.93133494e-01  4.73151259e+09  1.22085759e+01  4.73151259e+09  9.98132832e-01 
 5.01187234e+09  1.47547469e+01  5.01187234e+09  1.00184096e+00  5.01187234e+09  6.91194376e-01  5.01187234e+09  6.92693131e-01  5.01187234e+09  1.17476201e+01  5.01187234e+09  9.97936541e-01 
 5.30884444e+09  1.59894547e+01  5.30884444e+09  1.00204836e+00  5.30884444e+09  6.90642941e-01  5.30884444e+09  6.92287913e-01  5.30884444e+09  1.12749650e+01  5.30884444e+09  9.97725797e-01 
 5.62341325e+09  1.73331176e+01  5.62341325e+09  1.00227228e+00  5.62341325e+09  6.90113645e-01  5.62341325e+09  6.91914400e-01  5.62341325e+09  1.07934766e+01  5.62341325e+09  9.97500020e-01 
 5.95662144e+09  1.87985199e+01  5.95662144e+09  1.00251355e+00  5.95662144e+09  6.89602275e-01  5.95662144e+09  6.91568791e-01  5.95662144e+09  1.03055106e+01  5.95662144e+09  9.97258514e-01 
 6.30957344e+09  2.04023177e+01  6.30957344e+09  1.00277315e+00  6.30957344e+09  6.89104158e-01  6.30957344e+09  6.91246936e-01  6.30957344e+09  9.81296211e+00  6.30957344e+09  9.97000425e-01 
 6.68343918e+09  2.21661468e+01  6.68343918e+09  1.00305229e+00  6.68343918e+09  6.88614146e-01  6.68343918e+09  6.90944359e-01  6.68343918e+09  9.31734316e+00  6.68343918e+09  9.96724686e-01 
 7.07945784e+09  2.41178400e+01  7.07945784e+09  1.00335240e+00  7.07945784e+09  6.88126622e-01  7.07945784e+09  6.90656288e-01  7.07945784e+09  8.81988582e+00  7.07945784e+09  9.96429993e-01 
 7.49894209e+09  2.62926833e+01  7.49894209e+09  1.00367514e+00  7.49894209e+09  6.87635570e-01  7.49894209e+09  6.90377732e-01  7.49894209e+09  8.32167009e+00  7.49894209e+09  9.96114805e-01 
 7.94328235e+09  2.87346135e+01  7.94328235e+09  1.00402232e+00  7.94328235e+09  6.87134720e-01  7.94328235e+09  6.90103586e-01  7.94328235e+09  7.82377106e+00  7.94328235e+09  9.95777400e-01 
 8.41395142e+09  3.14972356e+01  8.41395142e+09  1.00439578e+00  8.41395142e+09  6.86617793e-01  8.41395142e+09  6.89828810e-01  8.41395142e+09  7.32741539e+00  8.41395142e+09  9.95416002e-01 
 8.91250938e+09  3.46445309e+01  8.91250938e+09  1.00479712e+00  8.91250938e+09  6.86078866e-01  8.91250938e+09  6.89548652e-01  8.91250938e+09  6.83413080e+00  8.91250938e+09  9.95028984e-01 
 9.44060876e+09  3.82511516e+01  9.44060876e+09  1.00522747e+00  9.44060876e+09  6.85512822e-01  9.44060876e+09  6.89258920e-01  9.44060876e+09  6.34586626e+00  9.44060876e+09  9.94615143e-01 
 1.00000000e+10  4.24022480e+01  1.00000000e+10  1.00568712e+00  1.00000000e+10  6.84915837e-01  1.00000000e+10  6.88956259e-01  1.00000000e+10  5.86505745e+00  1.00000000e+10  9.94174010e-01 
 1.05925373e+10  4.71928639e+01  1.05925373e+10  1.00617526e+00  1.05925373e+10  6.84285814e-01  1.05925373e+10  6.88638382e-01  1.05925373e+10  5.39461442e+00  1.05925373e+10  9.93706136e-01 
 1.12201845e+10  5.27270338e+01  1.12201845e+10  1.00668977e+00  1.12201845e+10  6.83622661e-01  1.12201845e+10  6.88304199e-01  1.12201845e+10  4.93781890e+00  1.12201845e+10  9.93213288e-01 
 1.18850223e+10  5.91168105e+01  1.18850223e+10  1.00722725e+00  1.18850223e+10  6.82928304e-01  1.18850223e+10  6.87953797e-01  1.18850223e+10  4.49813634e+00  1.18850223e+10  9.92698478e-01 
 1.25892541e+10  6.64815133e+01  1.25892541e+10  1.00778317e+00  1.25892541e+10  6.82206410e-01  1.25892541e+10  6.87588246e-01  1.25892541e+10  4.07896800e+00  1.25892541e+10  9.92165805e-01 
 1.33352143e+10  7.49475013e+01  1.33352143e+10  1.00835227e+00  1.33352143e+10  6.81461834e-01  1.33352143e+10  6.87209264e-01  1.33352143e+10  3.68338443e+00  1.33352143e+10  9.91620102e-01 
 1.41253754e+10  8.46487542e+01  1.41253754e+10  1.00892909e+00  1.41253754e+10  6.80699889e-01  1.41253754e+10  6.86818795e-01  1.41253754e+10  3.31388761e+00  1.41253754e+10  9.91066465e-01 
 1.49623566e+10  9.57285107e+01  1.49623566e+10  1.00950848e+00  1.49623566e+10  6.79925576e-01  1.49623566e+10  6.86418579e-01  1.49623566e+10  2.97224088e+00  1.49623566e+10  9.90509747e-01 
 1.58489319e+10  1.08342202e+02  1.58489319e+10  1.01008609e+00  1.58489319e+10  6.79142900e-01  1.58489319e+10  6.86009777e-01  1.58489319e+10  2.65938870e+00  1.58489319e+10  9.89954096e-01 
 1.67880402e+10  1.22661969e+02  1.67880402e+10  1.01065868e+00  1.67880402e+10  6.78354376e-01  1.67880402e+10  6.85592718e-01  1.67880402e+10  2.37546698e+00  1.67880402e+10  9.89402621e-01 
 1.77827941e+10  1.38883191e+02  1.77827941e+10  1.01122436e+00  1.77827941e+10  6.77560739e-01  1.77827941e+10  6.85166749e-01  1.77827941e+10  2.11988753e+00  1.77827941e+10  9.88857197e-01 
 1.88364909e+10  1.57233693e+02  1.88364909e+10  1.01178261e+00  1.88364909e+10  6.76760860e-01  1.88364909e+10  6.84730205e-01  1.88364909e+10  1.89147074e+00  1.88364909e+10  9.88318405e-01 
 1.99526231e+10  1.77986724e+02  1.99526231e+10  1.01233418e+00  1.99526231e+10  6.75951811e-01  1.99526231e+10  6.84280446e-01  1.99526231e+10  1.68859929e+00  1.99526231e+10  9.87785579e-01 
 2.11348904e+10  2.01479365e+02  2.11348904e+10  1.01288106e+00  2.11348904e+10  6.75129015e-01  2.11348904e+10  6.83813945e-01  2.11348904e+10  1.50937018e+00  2.11348904e+10  9.87256926e-01 
 2.23872114e+10  2.28139048e+02  2.23872114e+10  1.01342620e+00  2.23872114e+10  6.74286444e-01  2.23872114e+10  6.83326384e-01  2.23872114e+10  1.35172993e+00  2.23872114e+10  9.86729665e-01 
 2.37137371e+10  2.58522350e+02  2.37137371e+10  1.01397347e+00  2.37137371e+10  6.73416803e-01  2.37137371e+10  6.82812743e-01  2.37137371e+10  1.21358477e+00  2.37137371e+10  9.86200178e-01 
 2.51188643e+10  2.93372845e+02  2.51188643e+10  1.01452745e+00  2.51188643e+10  6.72511694e-01  2.51188643e+10  6.82267372e-01  2.51188643e+10  1.09288392e+00  2.51188643e+10  9.85664134e-01 
 2.66072506e+10  3.33709268e+02  2.66072506e+10  1.01509336e+00  2.66072506e+10  6.71561740e-01  2.66072506e+10  6.81684041e-01  2.66072506e+10  9.87677506e-01  2.66072506e+10  9.85116601e-01 
 2.81838293e+10  3.80963203e+02  2.81838293e+10  1.01567696e+00  2.81838293e+10  6.70556668e-01  2.81838293e+10  6.81055964e-01  2.81838293e+10  8.96152965e-01  2.81838293e+10  9.84552116e-01 
 2.98538262e+10  4.37200211e+02  2.98538262e+10  1.01628453e+00  2.98538262e+10  6.69485354e-01  2.98538262e+10  6.80375802e-01  2.98538262e+10  8.16654488e-01  2.98538262e+10  9.83964740e-01 
