 1.00000000e+07  2.85332795e+03  1.00000000e+07  1.00000000e+00  1.00000000e+07  8.08258661e-01  1.00000000e+07  8.08258661e-01  1.00000000e+07  1.17999770e-03  1.00000000e+07  9.99999999e-01 
 1.05925373e+07  2.86623844e+03  1.05925373e+07  1.00000000e+00  1.05925373e+07  8.04586712e-01  1.05925373e+07  8.04586713e-01  1.05925373e+07  1.28808429e-03  1.05925373e+07  9.99999999e-01 
 1.12201845e+07  2.85668785e+03  1.12201845e+07  1.00000000e+00  1.12201845e+07  8.01074930e-01  1.12201845e+07  8.01074931e-01  1.12201845e+07  1.40676824e-03  1.12201845e+07  9.99999999e-01 
 1.18850223e+07  2.82242914e+03  1.18850223e+07  1.00000000e+00  1.18850223e+07  7.97712587e-01  1.18850223e+07  7.97712588e-01  1.18850223e+07  1.53758374e-03  1.18850223e+07  9.99999999e-01 
 1.25892541e+07  2.76178915e+03  1.25892541e+07  1.00000000e+00  1.25892541e+07  7.94488418e-01  1.25892541e+07  7.94488419e-01  1.25892541e+07  1.68235414e-03  1.25892541e+07  9.99999999e-01 
 1.33352143e+07  2.67384411e+03  1.33352143e+07  1.00000000e+00  1.33352143e+07  7.91390965e-01  1.33352143e+07  7.91390966e-01  1.33352143e+07  1.84324752e-03  1.33352143e+07  9.99999998e-01 
 1.41253754e+07  2.55857715e+03  1.41253754e+07  1.00000000e+00  1.41253754e+07  7.88408894e-01  1.41253754e+07  7.88408895e-01  1.41253754e+07  2.02284189e-03  1.41253754e+07  9.99999998e-01 
 1.49623566e+07  2.41700824e+03  1.49623566e+07  1.00000000e+00  1.49623566e+07  7.85531272e-01  1.49623566e+07  7.85531274e-01  1.49623566e+07  2.22420106e-03  1.49623566e+07  9.99999998e-01 
 1.58489319e+07  2.25125856e+03  1.58489319e+07  1.00000000e+00  1.58489319e+07  7.82747808e-01  1.58489319e+07  7.82747810e-01  1.58489319e+07  2.45096161e-03  1.58489319e+07  9.99999997e-01 
 1.67880402e+07  2.06454986e+03  1.67880402e+07  1.00000000e+00  1.67880402e+07  7.80049061e-01  1.67880402e+07  7.80049063e-01  1.67880402e+07  2.70743094e-03  1.67880402e+07  9.99999997e-01 
 1.77827941e+07  1.86111577e+03  1.77827941e+07  1.00000000e+00  1.77827941e+07  7.77426616e-01  1.77827941e+07  7.77426619e-01  1.77827941e+07  2.99869592e-03  1.77827941e+07  9.99999997e-01 
 1.88364909e+07  1.64602435e+03  1.88364909e+07  1.00000000e+00  1.88364909e+07  7.74873220e-01  1.88364909e+07  7.74873223e-01  1.88364909e+07  3.33074079e-03  1.88364909e+07  9.99999997e-01 
 1.99526231e+07  1.42491981e+03  1.99526231e+07  1.00000000e+00  1.99526231e+07  7.72382888e-01  1.99526231e+07  7.72382891e-01  1.99526231e+07  3.71057252e-03  1.99526231e+07  9.99999996e-01 
 2.11348904e+07  1.20370130e+03  2.11348904e+07  1.00000000e+00  2.11348904e+07  7.69950970e-01  2.11348904e+07  7.69950973e-01  2.11348904e+07  4.14635132e-03  2.11348904e+07  9.99999996e-01 
 2.23872114e+07  9.88165271e+02  2.23872114e+07  1.00000000e+00  2.23872114e+07  7.67574180e-01  2.23872114e+07  7.67574183e-01  2.23872114e+07  4.64752407e-03  2.23872114e+07  9.99999996e-01 
 2.37137371e+07  7.83653514e+02  2.37137371e+07  1.00000000e+00  2.37137371e+07  7.65250582e-01  2.37137371e+07  7.65250585e-01  2.37137371e+07  5.22495862e-03  2.37137371e+07  9.99999996e-01 
 2.51188643e+07  5.94740163e+02  2.51188643e+07  1.00000000e+00  2.51188643e+07  7.62979535e-01  2.51188643e+07  7.62979538e-01  2.51188643e+07  5.89107804e-03  2.51188643e+07  9.99999996e-01 
 2.66072506e+07  4.24993680e+02  2.66072506e+07  1.00000000e+00  2.66072506e+07  7.60761593e-01  2.66072506e+07  7.60761595e-01  2.66072506e+07  6.65999500e-03  2.66072506e+07  9.99999997e-01 
 2.81838293e+07  2.76835653e+02  2.81838293e+07  1.00000000e+00  2.81838293e+07  7.58598364e-01  2.81838293e+07  7.58598366e-01  2.81838293e+07  7.54764797e-03  2.81838293e+07  9.99999997e-01 
 2.98538262e+07  1.51502741e+02  2.98538262e+07  1.00000000e+00  2.98538262e+07  7.56492337e-01  2.98538262e+07  7.56492338e-01  2.98538262e+07  8.57194279e-03  2.98538262e+07  9.99999998e-01 
 3.16227766e+07  4.91062002e+01  3.16227766e+07  1.00000000e+00  3.16227766e+07  7.54446674e-01  3.16227766e+07  7.54446675e-01  3.16227766e+07  9.75290427e-03  3.16227766e+07  9.99999999e-01 
 3.34965439e+07 -3.12290828e+01  3.34965439e+07  9.99999999e-01  3.34965439e+07  7.52464990e-01  3.34965439e+07  7.52464989e-01  3.34965439e+07  1.11128439e-02  3.34965439e+07  1.00000000e+00 
 3.54813389e+07 -9.11721264e+01  3.54813389e+07  9.99999998e-01  3.54813389e+07  7.50551118e-01  3.54813389e+07  7.50551116e-01  3.54813389e+07  1.26765505e-02  3.54813389e+07  1.00000000e+00 
 3.75837404e+07 -1.32965343e+02  3.75837404e+07  9.99999995e-01  3.75837404e+07  7.48708887e-01  3.75837404e+07  7.48708884e-01  3.75837404e+07  1.44715115e-02  3.75837404e+07  1.00000000e+00 
 3.98107171e+07 -1.59200584e+02  3.98107171e+07  9.99999993e-01  3.98107171e+07  7.46941908e-01  3.98107171e+07  7.46941903e-01  3.98107171e+07  1.65281721e-02  3.98107171e+07  1.00000001e+00 
 4.21696503e+07 -1.72611074e+02  4.21696503e+07  9.99999990e-01  4.21696503e+07  7.45253392e-01  4.21696503e+07  7.45253385e-01  4.21696503e+07  1.88802393e-02  4.21696503e+07  1.00000001e+00 
 4.46683592e+07 -1.75893170e+02  4.46683592e+07  9.99999987e-01  4.46683592e+07  7.43645996e-01  4.46683592e+07  7.43645986e-01  4.46683592e+07  2.15650398e-02  4.46683592e+07  1.00000001e+00 
 4.73151259e+07 -1.71565822e+02  4.73151259e+07  9.99999984e-01  4.73151259e+07  7.42121709e-01  4.73151259e+07  7.42121697e-01  4.73151259e+07  2.46239363e-02  4.73151259e+07  1.00000002e+00 
 5.01187234e+07 -1.61871757e+02  5.01187234e+07  9.99999981e-01  5.01187234e+07  7.40681782e-01  5.01187234e+07  7.40681768e-01  5.01187234e+07  2.81028108e-02  5.01187234e+07  1.00000002e+00 
 5.30884444e+07 -1.48719099e+02  5.30884444e+07  9.99999978e-01  5.30884444e+07  7.39326691e-01  5.30884444e+07  7.39326675e-01  5.30884444e+07  3.20526202e-02  5.30884444e+07  1.00000002e+00 
 5.62341325e+07 -1.33659504e+02  5.62341325e+07  9.99999974e-01  5.62341325e+07  7.38056138e-01  5.62341325e+07  7.38056119e-01  5.62341325e+07  3.65300303e-02  5.62341325e+07  1.00000003e+00 
 5.95662144e+07 -1.17896009e+02  5.95662144e+07  9.99999971e-01  5.95662144e+07  7.36869082e-01  5.95662144e+07  7.36869061e-01  5.95662144e+07  4.15981349e-02  5.95662144e+07  1.00000003e+00 
 6.30957344e+07 -1.02312630e+02  6.30957344e+07  9.99999967e-01  6.30957344e+07  7.35763801e-01  6.30957344e+07  7.35763777e-01  6.30957344e+07  4.73272665e-02  6.30957344e+07  1.00000003e+00 
 6.68343918e+07 -8.75174907e+01  6.68343918e+07  9.99999964e-01  6.68343918e+07  7.34737959e-01  6.68343918e+07  7.34737933e-01  6.68343918e+07  5.37959052e-02  6.68343918e+07  1.00000004e+00 
 7.07945784e+07 -7.38920843e+01  7.07945784e+07  9.99999961e-01  7.07945784e+07  7.33788701e-01  7.07945784e+07  7.33788672e-01  7.07945784e+07  6.10916939e-02  7.07945784e+07  1.00000004e+00 
 7.49894209e+07 -6.16407360e+01  7.49894209e+07  9.99999958e-01  7.49894209e+07  7.32912740e-01  7.49894209e+07  7.32912709e-01  7.49894209e+07  6.93125687e-02  7.49894209e+07  1.00000004e+00 
 7.94328235e+07 -5.08361787e+01  7.94328235e+07  9.99999956e-01  7.94328235e+07  7.32106452e-01  7.94328235e+07  7.32106420e-01  7.94328235e+07  7.85680136e-02  7.94328235e+07  1.00000004e+00 
 8.41395142e+07 -4.14588195e+01  8.41395142e+07  9.99999954e-01  8.41395142e+07  7.31365969e-01  8.41395142e+07  7.31365935e-01  8.41395142e+07  8.89804513e-02  8.41395142e+07  1.00000005e+00 
 8.91250938e+07 -3.34287420e+01  8.91250938e+07  9.99999952e-01  8.91250938e+07  7.30687257e-01  8.91250938e+07  7.30687222e-01  8.91250938e+07  1.00686781e-01  8.91250938e+07  1.00000005e+00 
 9.44060876e+07 -2.66305021e+01  9.44060876e+07  9.99999951e-01  9.44060876e+07  7.30066198e-01  9.44060876e+07  7.30066161e-01  9.44060876e+07  1.13840076e-01  9.44060876e+07  1.00000005e+00 
 1.00000000e+08 -2.09314368e+01  1.00000000e+08  9.99999950e-01  1.00000000e+08  7.29498649e-01  1.00000000e+08  7.29498612e-01  1.00000000e+08  1.28611460e-01  1.00000000e+08  1.00000005e+00 
 1.05925373e+08 -1.61945078e+01  1.05925373e+08  9.99999950e-01  1.05925373e+08  7.28980503e-01  1.05925373e+08  7.28980466e-01  1.05925373e+08  1.45192162e-01  1.05925373e+08  1.00000005e+00 
 1.12201845e+08 -1.22867863e+01  1.12201845e+08  9.99999951e-01  1.12201845e+08  7.28507727e-01  1.12201845e+08  7.28507691e-01  1.12201845e+08  1.63795788e-01  1.12201845e+08  1.00000005e+00 
 1.18850223e+08 -9.08462613e+00  1.18850223e+08  9.99999953e-01  1.18850223e+08  7.28076404e-01  1.18850223e+08  7.28076369e-01  1.18850223e+08  1.84660801e-01  1.18850223e+08  1.00000005e+00 
 1.25892541e+08 -6.47642650e+00  1.25892541e+08  9.99999956e-01  1.25892541e+08  7.27682752e-01  1.25892541e+08  7.27682718e-01  1.25892541e+08  2.08053238e-01  1.25892541e+08  1.00000004e+00 
 1.33352143e+08 -4.36371780e+00  1.33352143e+08  9.99999960e-01  1.33352143e+08  7.27323147e-01  1.33352143e+08  7.27323115e-01  1.33352143e+08  2.34269670e-01  1.33352143e+08  1.00000004e+00 
 1.41253754e+08 -2.66114178e+00  1.41253754e+08  9.99999965e-01  1.41253754e+08  7.26994130e-01  1.41253754e+08  7.26994102e-01  1.41253754e+08  2.63640418e-01  1.41253754e+08  1.00000003e+00 
 1.49623566e+08 -1.29574738e+00  1.49623566e+08  9.99999972e-01  1.49623566e+08  7.26692417e-01  1.49623566e+08  7.26692394e-01  1.49623566e+08  2.96533030e-01  1.49623566e+08  1.00000002e+00 
 1.58489319e+08 -2.05904740e-01  1.58489319e+08  9.99999982e-01  1.58489319e+08  7.26414895e-01  1.58489319e+08  7.26414877e-01  1.58489319e+08  3.33356024e-01  1.58489319e+08  1.00000001e+00 
 1.67880402e+08  6.59952440e-01  1.67880402e+08  9.99999993e-01  1.67880402e+08  7.26158619e-01  1.67880402e+08  7.26158609e-01  1.67880402e+08  3.74562885e-01  1.67880402e+08  1.00000000e+00 
 1.77827941e+08  1.34462153e+00  1.77827941e+08  1.00000001e+00  1.77827941e+08  7.25920808e-01  1.77827941e+08  7.25920808e-01  1.77827941e+08  4.20656308e-01  1.77827941e+08  9.99999985e-01 
 1.88364909e+08  1.88337646e+00  1.88364909e+08  1.00000003e+00  1.88364909e+08  7.25698826e-01  1.88364909e+08  7.25698837e-01  1.88364909e+08  4.72192649e-01  1.88364909e+08  9.99999964e-01 
 1.99526231e+08  2.30511637e+00  1.99526231e+08  1.00000005e+00  1.99526231e+08  7.25490166e-01  1.99526231e+08  7.25490193e-01  1.99526231e+08  5.29786557e-01  1.99526231e+08  9.99999939e-01 
 2.11348904e+08  2.63339347e+00  2.11348904e+08  1.00000008e+00  2.11348904e+08  7.25292433e-01  2.11348904e+08  7.25292478e-01  2.11348904e+08  5.94115702e-01  2.11348904e+08  9.99999907e-01 
 2.23872114e+08  2.88731287e+00  2.23872114e+08  1.00000012e+00  2.23872114e+08  7.25103313e-01  2.23872114e+08  7.25103381e-01  2.23872114e+08  6.65925528e-01  2.23872114e+08  9.99999867e-01 
 2.37137371e+08  3.08230746e+00  2.37137371e+08  1.00000016e+00  2.37137371e+08  7.24920561e-01  2.37137371e+08  7.24920658e-01  2.37137371e+08  7.46033892e-01  2.37137371e+08  9.99999817e-01 
 2.51188643e+08  3.23079610e+00  2.51188643e+08  1.00000022e+00  2.51188643e+08  7.24741983e-01  2.51188643e+08  7.24742115e-01  2.51188643e+08  8.35335458e-01  2.51188643e+08  9.99999756e-01 
 2.66072506e+08  3.34273692e+00  2.66072506e+08  1.00000028e+00  2.66072506e+08  7.24565424e-01  2.66072506e+08  7.24565600e-01  2.66072506e+08  9.34805600e-01  2.66072506e+08  9.99999679e-01 
 2.81838293e+08  3.42608856e+00  2.81838293e+08  1.00000037e+00  2.81838293e+08  7.24388757e-01  2.81838293e+08  7.24388988e-01  2.81838293e+08  1.04550359e+00  2.81838293e+08  9.99999585e-01 
 2.98538262e+08  3.48719183e+00  2.98538262e+08  1.00000047e+00  2.98538262e+08  7.24209871e-01  2.98538262e+08  7.24210170e-01  2.98538262e+08  1.16857471e+00  2.98538262e+08  9.99999467e-01 
 3.16227766e+08  3.53108373e+00  3.16227766e+08  1.00000060e+00  3.16227766e+08  7.24026656e-01  3.16227766e+08  7.24027039e-01  3.16227766e+08  1.30525092e+00  3.16227766e+08  9.99999321e-01 
 3.34965439e+08  3.56175459e+00  3.34965439e+08  1.00000076e+00  3.34965439e+08  7.23836990e-01  3.34965439e+08  7.23837478e-01  3.34965439e+08  1.45684953e+00  3.34965439e+08  9.99999141e-01 
 3.54813389e+08  3.58235772e+00  3.54813389e+08  1.00000096e+00  3.54813389e+08  7.23638723e-01  3.54813389e+08  7.23639342e-01  3.54813389e+08  1.62476939e+00  3.54813389e+08  9.99998917e-01 
 3.75837404e+08  3.59537982e+00  3.75837404e+08  1.00000120e+00  3.75837404e+08  7.23429667e-01  3.75837404e+08  7.23430448e-01  3.75837404e+08  1.81048386e+00  3.75837404e+08  9.99998640e-01 
 3.98107171e+08  3.60277917e+00  3.98107171e+08  1.00000150e+00  3.98107171e+08  7.23207585e-01  3.98107171e+08  7.23208566e-01  3.98107171e+08  2.01552975e+00  3.98107171e+08  9.99998297e-01 
 4.21696503e+08  3.60609757e+00  4.21696503e+08  1.00000187e+00  4.21696503e+08  7.22970181e-01  4.21696503e+08  7.22971411e-01  4.21696503e+08  2.24149152e+00  4.21696503e+08  9.99997874e-01 
 4.46683592e+08  3.60655092e+00  4.46683592e+08  1.00000232e+00  4.46683592e+08  7.22715100e-01  4.46683592e+08  7.22716640e-01  4.46683592e+08  2.48997961e+00  4.46683592e+08  9.99997351e-01 
 4.73151259e+08  3.60510273e+00  4.73151259e+08  1.00000288e+00  4.73151259e+08  7.22439927e-01  4.73151259e+08  7.22441851e-01  4.73151259e+08  2.76260207e+00  4.73151259e+08  9.99996707e-01 
 5.01187234e+08  3.60252382e+00  5.01187234e+08  1.00000355e+00  5.01187234e+08  7.22142193e-01  5.01187234e+08  7.22144593e-01  5.01187234e+08  3.06092850e+00  5.01187234e+08  9.99995914e-01 
 5.30884444e+08  3.59944125e+00  5.30884444e+08  1.00000438e+00  5.30884444e+08  7.21819385e-01  5.30884444e+08  7.21822373e-01  5.30884444e+08  3.38644538e+00  5.30884444e+08  9.99994939e-01 
 5.62341325e+08  3.59637863e+00  5.62341325e+08  1.00000538e+00  5.62341325e+08  7.21468963e-01  5.62341325e+08  7.21472680e-01  5.62341325e+08  3.74050217e+00  5.62341325e+08  9.99993744e-01 
 5.95662144e+08  3.59378989e+00  5.95662144e+08  1.00000660e+00  5.95662144e+08  7.21088388e-01  5.95662144e+08  7.21093005e-01  5.95662144e+08  4.12424770e+00  5.95662144e+08  9.99992282e-01 
 6.30957344e+08  3.59208795e+00  6.30957344e+08  1.00000807e+00  6.30957344e+08  7.20675151e-01  6.30957344e+08  7.20680879e-01  6.30957344e+08  4.53855704e+00  6.30957344e+08  9.99990496e-01 
 6.68343918e+08  3.59166965e+00  6.68343918e+08  1.00000985e+00  6.68343918e+08  7.20226820e-01  6.68343918e+08  7.20233915e-01  6.68343918e+08  4.98394955e+00  6.68343918e+08  9.99988322e-01 
 7.07945784e+08  3.59293789e+00  7.07945784e+08  1.00001198e+00  7.07945784e+08  7.19741086e-01  7.07945784e+08  7.19749860e-01  7.07945784e+08  5.46049959e+00  7.07945784e+08  9.99985682e-01 
 7.49894209e+08  3.59632190e+00  7.49894209e+08  1.00001454e+00  7.49894209e+08  7.19215825e-01  7.49894209e+08  7.19226658e-01  7.49894209e+08  5.96774267e+00  7.49894209e+08  9.99982485e-01 
 7.94328235e+08  3.60229610e+00  7.94328235e+08  1.00001760e+00  7.94328235e+08  7.18649164e-01  7.94328235e+08  7.18662517e-01  7.94328235e+08  6.50458049e+00  7.94328235e+08  9.99978627e-01 
 8.41395142e+08  3.61139817e+00  8.41395142e+08  1.00002123e+00  8.41395142e+08  7.18039563e-01  8.41395142e+08  7.18055987e-01  8.41395142e+08  7.06919023e+00  8.41395142e+08  9.99973987e-01 
 8.91250938e+08  3.62424649e+00  8.91250938e+08  1.00002553e+00  8.91250938e+08  7.17385887e-01  8.91250938e+08  7.17406045e-01  8.91250938e+08  7.65894400e+00  8.91250938e+08  9.99968426e-01 
 9.44060876e+08  3.64155709e+00  9.44060876e+08  1.00003062e+00  9.44060876e+08  7.16687494e-01  9.44060876e+08  7.16712175e-01  9.44060876e+08  8.27034589e+00  9.44060876e+08  9.99961785e-01 
 1.00000000e+09  3.66416021e+00  1.00000000e+09  1.00003660e+00  1.00000000e+09  7.15944313e-01  1.00000000e+09  7.15974453e-01  1.00000000e+09  8.89899444e+00  1.00000000e+09  9.99953886e-01 
 1.05925373e+09  3.69301618e+00  1.05925373e+09  1.00004363e+00  1.05925373e+09  7.15156923e-01  1.05925373e+09  7.15193625e-01  1.05925373e+09  9.53957849e+00  1.05925373e+09  9.99944527e-01 
 1.12201845e+09  3.72923044e+00  1.12201845e+09  1.00005185e+00  1.12201845e+09  7.14326609e-01  1.12201845e+09  7.14371166e-01  1.12201845e+09  1.01859137e+01  1.12201845e+09  9.99933482e-01 
 1.18850223e+09  3.77406737e+00  1.18850223e+09  1.00006144e+00  1.18850223e+09  7.13455414e-01  1.18850223e+09  7.13509329e-01  1.18850223e+09  1.08310252e+01  1.18850223e+09  9.99920499e-01 
 1.25892541e+09  3.82896243e+00  1.25892541e+09  1.00007262e+00  1.25892541e+09  7.12546157e-01  1.25892541e+09  7.12611168e-01  1.25892541e+09  1.14672793e+01  1.25892541e+09  9.99905302e-01 
 1.33352143e+09  3.89553214e+00  1.33352143e+09  1.00008561e+00  1.33352143e+09  7.11602433e-01  1.33352143e+09  7.11680534e-01  1.33352143e+09  1.20865640e+01  1.33352143e+09  9.99887583e-01 
 1.41253754e+09  3.97558155e+00  1.41253754e+09  1.00010069e+00  1.41253754e+09  7.10628572e-01  1.41253754e+09  7.10722035e-01  1.41253754e+09  1.26805122e+01  1.41253754e+09  9.99867005e-01 
 1.49623566e+09  4.07110874e+00  1.49623566e+09  1.00011818e+00  1.49623566e+09  7.09629571e-01  1.49623566e+09  7.09740967e-01  1.49623566e+09  1.32407605e+01  1.49623566e+09  9.99843199e-01 
 1.58489319e+09  4.18430586e+00  1.58489319e+09  1.00013845e+00  1.58489319e+09  7.08610995e-01  1.58489319e+09  7.08743213e-01  1.58489319e+09  1.37592275e+01  1.58489319e+09  9.99815765e-01 
 1.67880402e+09  4.31755686e+00  1.67880402e+09  1.00016190e+00  1.67880402e+09  7.07578847e-01  1.67880402e+09  7.07735108e-01  1.67880402e+09  1.42283974e+01  1.67880402e+09  9.99784266e-01 
 1.77827941e+09  4.47343135e+00  1.77827941e+09  1.00018901e+00  1.77827941e+09  7.06539407e-01  1.77827941e+09  7.06723282e-01  1.77827941e+09  1.46415894e+01  1.77827941e+09  9.99748231e-01 
 1.88364909e+09  4.65467497e+00  1.88364909e+09  1.00022033e+00  1.88364909e+09  7.05499072e-01  1.88364909e+09  7.05714490e-01  1.88364909e+09  1.49931950e+01  1.88364909e+09  9.99707152e-01 
 1.99526231e+09  4.86419617e+00  1.99526231e+09  1.00025644e+00  1.99526231e+09  7.04464168e-01  1.99526231e+09  7.04715433e-01  1.99526231e+09  1.52788668e+01  1.99526231e+09  9.99660486e-01 
 2.11348904e+09  5.10504971e+00  2.11348904e+09  1.00029800e+00  2.11348904e+09  7.03440786e-01  2.11348904e+09  7.03732579e-01  2.11348904e+09  1.54956468e+01  2.11348904e+09  9.99607655e-01 
 2.23872114e+09  5.38041704e+00  2.23872114e+09  1.00034574e+00  2.23872114e+09  7.02434612e-01  2.23872114e+09  7.02772002e-01  2.23872114e+09  1.56420271e+01  2.23872114e+09  9.99548048e-01 
 2.37137371e+09  5.69358408e+00  2.37137371e+09  1.00040040e+00  2.37137371e+09  7.01450790e-01  2.37137371e+09  7.01839239e-01  2.37137371e+09  1.57179404e+01  2.37137371e+09  9.99481025e-01 
 2.51188643e+09  6.04791673e+00  2.51188643e+09  1.00046279e+00  2.51188643e+09  7.00493811e-01  2.51188643e+09  7.00939177e-01  2.51188643e+09  1.57246852e+01  2.51188643e+09  9.99405918e-01 
 2.66072506e+09  6.44683512e+00  2.66072506e+09  1.00053376e+00  2.66072506e+09  6.99567426e-01  2.66072506e+09  7.00075966e-01  2.66072506e+09  1.56647941e+01  2.66072506e+09  9.99322044e-01 
 2.81838293e+09  6.89378767e+00  2.81838293e+09  1.00061416e+00  2.81838293e+09  6.98674602e-01  2.81838293e+09  6.99252971e-01  2.81838293e+09  1.55418577e+01  2.81838293e+09  9.99228703e-01 
 2.98538262e+09  7.39222710e+00  2.98538262e+09  1.00070485e+00  2.98538262e+09  6.97817500e-01  2.98538262e+09  6.98472751e-01  2.98538262e+09  1.53603180e+01  2.98538262e+09  9.99125195e-01 
 3.16227766e+09  7.94559146e+00  3.16227766e+09  1.00080669e+00  3.16227766e+09  6.96997491e-01  3.16227766e+09  6.97737064e-01  3.16227766e+09  1.51252461e+01  3.16227766e+09  9.99010822e-01 
 3.34965439e+09  8.55729499e+00  3.34965439e+09  1.00092051e+00  3.34965439e+09  6.96215188e-01  3.34965439e+09  6.97046903e-01  3.34965439e+09  1.48421182e+01  3.34965439e+09  9.98884901e-01 
 3.54813389e+09  9.23073552e+00  3.54813389e+09  1.00104714e+00  3.54813389e+09  6.95470497e-01  3.54813389e+09  6.96402538e-01  3.54813389e+09  1.45166007e+01  3.54813389e+09  9.98746772e-01 
 3.75837404e+09  9.96932793e+00  3.75837404e+09  1.00118735e+00  3.75837404e+09  6.94762683e-01  3.75837404e+09  6.95803578e-01  3.75837404e+09  1.41543547e+01  3.75837404e+09  9.98595805e-01 
 3.98107171e+09  1.07765763e+01  3.98107171e+09  1.00134187e+00  3.98107171e+09  6.94090426e-01  3.98107171e+09  6.95249031e-01  3.98107171e+09  1.37608650e+01  3.98107171e+09  9.98431404e-01 
 4.21696503e+09  1.16562009e+01  4.21696503e+09  1.00151140e+00  4.21696503e+09  6.93451892e-01  4.21696503e+09  6.94737362e-01  4.21696503e+09  1.33412978e+01  4.21696503e+09  9.98253009e-01 
 4.46683592e+09  1.26123400e+01  4.46683592e+09  1.00169661e+00  4.46683592e+09  6.92844771e-01  4.46683592e+09  6.94266553e-01  4.46683592e+09  1.29003896e+01  4.46683592e+09  9.98060084e-01 
 4.73151259e+09  1.36498489e+01  4.73151259e+09  1.00189815e+00  4.73151259e+09  6.92266318e-01  4.73151259e+09  6.93834138e-01  4.73151259e+09  1.24423647e+01  4.73151259e+09  9.97852106e-01 
 5.01187234e+09  1.47747233e+01  5.01187234e+09  1.00211671e+00  5.01187234e+09  6.91713361e-01  5.01187234e+09  6.93437241e-01  5.01187234e+09  1.19708844e+01  5.01187234e+09  9.97628531e-01 
 5.30884444e+09  1.59946703e+01  5.30884444e+09  1.00235303e+00  5.30884444e+09  6.91182288e-01  5.30884444e+09  6.93072583e-01  5.30884444e+09  1.14890230e+01  5.30884444e+09  9.97388758e-01 
 5.62341325e+09  1.73198518e+01  5.62341325e+09  1.00260799e+00  5.62341325e+09  6.90669015e-01  5.62341325e+09  6.92736492e-01  5.62341325e+09  1.09992726e+01  5.62341325e+09  9.97132072e-01 
 5.95662144e+09  1.87638121e+01  5.95662144e+09  1.00288265e+00  5.95662144e+09  6.90168937e-01  5.95662144e+09  6.92424895e-01  5.95662144e+09  1.05035765e+01  5.95662144e+09  9.96857579e-01 
 6.30957344e+09  2.03445913e+01  6.30957344e+09  1.00317832e+00  6.30957344e+09  6.89676870e-01  6.30957344e+09  6.92133313e-01  6.30957344e+09  1.00033913e+01  6.30957344e+09  9.96564134e-01 
 6.68343918e+09  2.20859997e+01  6.68343918e+09  1.00349665e+00  6.68343918e+09  6.89187016e-01  6.68343918e+09  6.91856867e-01  6.68343918e+09  9.49978136e+00  6.68343918e+09  9.96250287e-01 
 7.07945784e+09  2.40189998e+01  7.07945784e+09  1.00383960e+00  7.07945784e+09  6.88692969e-01  7.07945784e+09  6.91590317e-01  7.07945784e+09  8.99354578e+00  7.07945784e+09  9.95914243e-01 
 7.49894209e+09  2.61831066e+01  7.49894209e+09  1.00420947e+00  7.49894209e+09  6.88187803e-01  7.49894209e+09  6.91328142e-01  7.49894209e+09  8.48537736e+00  7.49894209e+09  9.95553882e-01 
 7.94328235e+09  2.86276838e+01  7.94328235e+09  1.00460873e+00  7.94328235e+09  6.87664285e-01  7.94328235e+09  6.91064704e-01  7.94328235e+09  7.97604864e+00  7.94328235e+09  9.95166858e-01 
 8.41395142e+09  3.14129857e+01  8.41395142e+09  1.00503984e+00  8.41395142e+09  6.87115238e-01  8.41395142e+09  6.90794473e-01  8.41395142e+09  7.46661125e+00  8.41395142e+09  9.94750799e-01 
 8.91250938e+09  3.46108048e+01  8.91250938e+09  1.00550488e+00  8.91250938e+09  6.86534055e-01  8.91250938e+09  6.90512356e-01  8.91250938e+09  6.95858594e+00  8.91250938e+09  9.94303611e-01 
 9.44060876e+09  3.83046141e+01  9.44060876e+09  1.00600516e+00  9.44060876e+09  6.85915327e-01  9.44060876e+09  6.90214052e-01  9.44060876e+09  6.45411104e+00  9.44060876e+09  9.93823874e-01 
 1.00000000e+10  4.25891868e+01  1.00000000e+10  1.00654077e+00  1.00000000e+10  6.85255493e-01  1.00000000e+10  6.89896421e-01  1.00000000e+10  5.95601255e+00  1.00000000e+10  9.93311259e-01 
 1.05925373e+10  4.75697824e+01  1.05925373e+10  1.00711026e+00  1.05925373e+10  6.84553358e-01  1.05925373e+10  6.89557752e-01  1.05925373e+10  5.46776452e+00  1.05925373e+10  9.92766878e-01 
 1.12201845e+10  5.33611224e+01  1.12201845e+10  1.00771043e+00  1.12201845e+10  6.83810336e-01  1.12201845e+10  6.89197866e-01  1.12201845e+10  4.99332532e+00  1.12201845e+10  9.92193457e-01 
 1.18850223e+10  6.00864734e+01  1.18850223e+10  1.00833648e+00  1.18850223e+10  6.83030309e-01  1.18850223e+10  6.88817991e-01  1.18850223e+10  4.53686372e+00  1.18850223e+10  9.91595268e-01 
 1.25892541e+10  6.78772030e+01  1.25892541e+10  1.00898241e+00  1.25892541e+10  6.82219060e-01  1.25892541e+10  6.88420418e-01  1.25892541e+10  4.10241764e+00  1.25892541e+10  9.90977770e-01 
 1.33352143e+10  7.68731617e+01  1.33352143e+10  1.00964163e+00  1.33352143e+10  6.81383406e-01  1.33352143e+10  6.88007983e-01  1.33352143e+10  3.69354834e+00  1.33352143e+10  9.90347049e-01 
 1.41253754e+10  8.72241892e+01  1.41253754e+10  1.01030767e+00  1.41253754e+10  6.80530174e-01  1.41253754e+10  6.87583492e-01  1.41253754e+10  3.31305426e+00  1.41253754e+10  9.89709139e-01 
 1.49623566e+10  9.90930022e+01  1.49623566e+10  1.01097487e+00  1.49623566e+10  6.79665240e-01  1.49623566e+10  6.87149191e-01  1.49623566e+10  2.96279087e+00  1.49623566e+10  9.89069382e-01 
 1.58489319e+10  1.12659730e+02  1.58489319e+10  1.01163890e+00  1.58489319e+10  6.78792776e-01  1.58489319e+10  6.86706374e-01  1.58489319e+10  2.64361429e+00  1.58489319e+10  9.88431917e-01 
 1.67880402e+10  1.28128471e+02  1.67880402e+10  1.01229706e+00  1.67880402e+10  6.77914806e-01  1.67880402e+10  6.86255149e-01  1.67880402e+10  2.35543735e+00  1.67880402e+10  9.87799376e-01 
 1.77827941e+10  1.45736469e+02  1.77827941e+10  1.01294839e+00  1.77827941e+10  6.77031029e-01  1.77827941e+10  6.85794368e-01  1.77827941e+10  2.09736744e+00  1.77827941e+10  9.87172762e-01 
 1.88364909e+10  1.65766893e+02  1.88364909e+10  1.01359360e+00  1.88364909e+10  6.76138888e-01  1.88364909e+10  6.85321674e-01  1.88364909e+10  1.86788859e+00  1.88364909e+10  9.86551497e-01 
 1.99526231e+10  1.88566806e+02  1.99526231e+10  1.01423490e+00  1.99526231e+10  6.75233775e-01  1.99526231e+10  6.84833616e-01  1.99526231e+10  1.66505346e+00  1.99526231e+10  9.85933570e-01 
 2.11348904e+10  2.14572826e+02  2.11348904e+10  1.01487580e+00  2.11348904e+10  6.74309290e-01  2.11348904e+10  6.84325793e-01  2.11348904e+10  1.48666062e+00  2.11348904e+10  9.85315724e-01 
 2.23872114e+10  2.44348465e+02  2.23872114e+10  1.01552092e+00  2.23872114e+10  6.73357520e-01  2.23872114e+10  6.83792985e-01  2.23872114e+10  1.33040288e+00  2.23872114e+10  9.84693661e-01 
 2.37137371e+10  2.78639604e+02  2.37137371e+10  1.01617576e+00  2.37137371e+10  6.72369260e-01  2.37137371e+10  6.83229266e-01  2.37137371e+10  1.19398154e+00  2.37137371e+10  9.84062216e-01 
 2.51188643e+10  3.18458776e+02  2.51188643e+10  1.01684657e+00  2.51188643e+10  6.71334199e-01  2.51188643e+10  6.82628079e-01  2.51188643e+10  1.07518745e+00  2.51188643e+10  9.83415503e-01 
 2.66072506e+10  3.65216502e+02  2.66072506e+10  1.01754029e+00  2.66072506e+10  6.70241041e-01  2.66072506e+10  6.81982279e-01  2.66072506e+10  9.71953466e-01  2.66072506e+10  9.82747015e-01 
 2.81838293e+10  4.20931807e+02  2.81838293e+10  1.01826442e+00  2.81838293e+10  6.69077575e-01  2.81838293e+10  6.81284150e-01  2.81838293e+10  8.82383937e-01  2.81838293e+10  9.82049697e-01 
 2.98538262e+10  4.88580273e+02  2.98538262e+10  1.01902702e+00  2.98538262e+10  6.67830712e-01  2.98538262e+10  6.80525400e-01  2.98538262e+10  8.04767110e-01  2.98538262e+10  9.81315986e-01 
