 1.00000000e+07  8.64325771e+00  1.00000000e+07  1.00000000e+00  1.00000000e+07  8.32039823e-01  1.00000000e+07  8.32039823e-01  1.00000000e+07  8.02564778e-04  1.00000000e+07  1.00000000e+00 
 1.05925373e+07  8.56923553e+00  1.05925373e+07  1.00000000e+00  1.05925373e+07  8.26982376e-01  1.05925373e+07  8.26982376e-01  1.05925373e+07  8.62030505e-04  1.05925373e+07  1.00000000e+00 
 1.12201845e+07  8.48054468e+00  1.12201845e+07  1.00000000e+00  1.12201845e+07  8.21973886e-01  1.12201845e+07  8.21973886e-01  1.12201845e+07  9.26372193e-04  1.12201845e+07  1.00000000e+00 
 1.18850223e+07  8.37387337e+00  1.18850223e+07  1.00000000e+00  1.18850223e+07  8.17019008e-01  1.18850223e+07  8.17019008e-01  1.18850223e+07  9.96464086e-04  1.18850223e+07  1.00000000e+00 
 1.25892541e+07  8.24709005e+00  1.25892541e+07  1.00000000e+00  1.25892541e+07  8.12123638e-01  1.25892541e+07  8.12123638e-01  1.25892541e+07  1.07342095e-03  1.25892541e+07  1.00000000e+00 
 1.33352143e+07  8.09696493e+00  1.33352143e+07  1.00000000e+00  1.33352143e+07  8.07295077e-01  1.33352143e+07  8.07295077e-01  1.33352143e+07  1.15865564e-03  1.33352143e+07  1.00000000e+00 
 1.41253754e+07  7.92134270e+00  1.41253754e+07  1.00000000e+00  1.41253754e+07  8.02542051e-01  1.41253754e+07  8.02542051e-01  1.41253754e+07  1.25394378e-03  1.41253754e+07  1.00000000e+00 
 1.49623566e+07  7.71848552e+00  1.49623566e+07  1.00000000e+00  1.49623566e+07  7.97874615e-01  1.49623566e+07  7.97874615e-01  1.49623566e+07  1.36149326e-03  1.49623566e+07  1.00000000e+00 
 1.58489319e+07  7.48732021e+00  1.58489319e+07  1.00000000e+00  1.58489319e+07  7.93303932e-01  1.58489319e+07  7.93303932e-01  1.58489319e+07  1.48401501e-03  1.58489319e+07  1.00000000e+00 
 1.67880402e+07  7.22828921e+00  1.67880402e+07  1.00000000e+00  1.67880402e+07  7.88841947e-01  1.67880402e+07  7.88841947e-01  1.67880402e+07  1.62479043e-03  1.67880402e+07  1.00000000e+00 
 1.77827941e+07  6.94341956e+00  1.77827941e+07  1.00000000e+00  1.77827941e+07  7.84500997e-01  1.77827941e+07  7.84500997e-01  1.77827941e+07  1.78773094e-03  1.77827941e+07  1.00000000e+00 
 1.88364909e+07  6.63625173e+00  1.88364909e+07  1.00000000e+00  1.88364909e+07  7.80293366e-01  1.88364909e+07  7.80293366e-01  1.88364909e+07  1.97742615e-03  1.88364909e+07  1.00000000e+00 
 1.99526231e+07  6.31190328e+00  1.99526231e+07  1.00000000e+00  1.99526231e+07  7.76230842e-01  1.99526231e+07  7.76230842e-01  1.99526231e+07  2.19917952e-03  1.99526231e+07  1.00000000e+00 
 2.11348904e+07  5.97669341e+00  2.11348904e+07  1.00000000e+00  2.11348904e+07  7.72324282e-01  2.11348904e+07  7.72324282e-01  2.11348904e+07  2.45903394e-03  2.11348904e+07  1.00000000e+00 
 2.23872114e+07  5.63749686e+00  2.23872114e+07  1.00000000e+00  2.23872114e+07  7.68583241e-01  2.23872114e+07  7.68583241e-01  2.23872114e+07  2.76379238e-03  2.23872114e+07  1.00000000e+00 
 2.37137371e+07  5.30124341e+00  2.37137371e+07  1.00000000e+00  2.37137371e+07  7.65015655e-01  2.37137371e+07  7.65015655e-01  2.37137371e+07  3.12104087e-03  2.37137371e+07  1.00000000e+00 
 2.51188643e+07  4.97418175e+00  2.51188643e+07  1.00000000e+00  2.51188643e+07  7.61627624e-01  2.51188643e+07  7.61627624e-01  2.51188643e+07  3.53918109e-03  2.51188643e+07  1.00000000e+00 
 2.66072506e+07  4.66149020e+00  2.66072506e+07  1.00000000e+00  2.66072506e+07  7.58423270e-01  2.66072506e+07  7.58423270e-01  2.66072506e+07  4.02747847e-03  2.66072506e+07  1.00000000e+00 
 2.81838293e+07  4.36707115e+00  2.81838293e+07  1.00000000e+00  2.81838293e+07  7.55404699e-01  2.81838293e+07  7.55404699e-01  2.81838293e+07  4.59612931e-03  2.81838293e+07  1.00000000e+00 
 2.98538262e+07  4.09342015e+00  2.98538262e+07  1.00000000e+00  2.98538262e+07  7.52572031e-01  2.98538262e+07  7.52572031e-01  2.98538262e+07  5.25634868e-03  2.98538262e+07  9.99999999e-01 
 3.16227766e+07  3.84179443e+00  3.16227766e+07  1.00000000e+00  3.16227766e+07  7.49923510e-01  3.16227766e+07  7.49923510e-01  3.16227766e+07  6.02047921e-03  3.16227766e+07  9.99999999e-01 
 3.34965439e+07  3.61240033e+00  3.34965439e+07  1.00000000e+00  3.34965439e+07  7.47455662e-01  3.34965439e+07  7.47455662e-01  3.34965439e+07  6.90212091e-03  3.34965439e+07  9.99999999e-01 
 3.54813389e+07  3.40465002e+00  3.54813389e+07  1.00000000e+00  3.54813389e+07  7.45163497e-01  3.54813389e+07  7.45163497e-01  3.54813389e+07  7.91628215e-03  3.54813389e+07  9.99999999e-01 
 3.75837404e+07  3.21740484e+00  3.75837404e+07  1.00000000e+00  3.75837404e+07  7.43040732e-01  3.75837404e+07  7.43040732e-01  3.75837404e+07  9.07955285e-03  3.75837404e+07  9.99999999e-01 
 3.98107171e+07  3.04919623e+00  3.98107171e+07  1.00000000e+00  3.98107171e+07  7.41080023e-01  3.98107171e+07  7.41080023e-01  3.98107171e+07  1.04103018e-02  3.98107171e+07  9.99999999e-01 
 4.21696503e+07  2.89839281e+00  4.21696503e+07  1.00000000e+00  4.21696503e+07  7.39273196e-01  4.21696503e+07  7.39273197e-01  4.21696503e+07  1.19289003e-02  4.21696503e+07  9.99999998e-01 
 4.46683592e+07  2.76332856e+00  4.46683592e+07  1.00000000e+00  4.46683592e+07  7.37611468e-01  4.46683592e+07  7.37611470e-01  4.46683592e+07  1.36579753e-02  4.46683592e+07  9.99999998e-01 
 4.73151259e+07  2.64239104e+00  4.73151259e+07  1.00000000e+00  4.73151259e+07  7.36085644e-01  4.73151259e+07  7.36085645e-01  4.73151259e+07  1.56226954e-02  4.73151259e+07  9.99999997e-01 
 5.01187234e+07  2.53406988e+00  5.01187234e+07  1.00000000e+00  5.01187234e+07  7.34686293e-01  5.01187234e+07  7.34686295e-01  5.01187234e+07  1.78510925e-02  5.01187234e+07  9.99999997e-01 
 5.30884444e+07  2.43698915e+00  5.30884444e+07  1.00000000e+00  5.30884444e+07  7.33403906e-01  5.30884444e+07  7.33403908e-01  5.30884444e+07  2.03744237e-02  5.30884444e+07  9.99999996e-01 
 5.62341325e+07  2.34991282e+00  5.62341325e+07  1.00000000e+00  5.62341325e+07  7.32229013e-01  5.62341325e+07  7.32229015e-01  5.62341325e+07  2.32275770e-02  5.62341325e+07  9.99999995e-01 
 5.95662144e+07  2.27174337e+00  5.95662144e+07  1.00000000e+00  5.95662144e+07  7.31152289e-01  5.95662144e+07  7.31152291e-01  5.95662144e+07  2.64495241e-02  5.95662144e+07  9.99999994e-01 
 6.30957344e+07  2.20151408e+00  6.30957344e+07  1.00000001e+00  6.30957344e+07  7.30164626e-01  6.30957344e+07  7.30164629e-01  6.30957344e+07  3.00838261e-02  6.30957344e+07  9.99999993e-01 
 6.68343918e+07  2.13837403e+00  6.68343918e+07  1.00000001e+00  6.68343918e+07  7.29257186e-01  6.68343918e+07  7.29257190e-01  6.68343918e+07  3.41791954e-02  6.68343918e+07  9.99999991e-01 
 7.07945784e+07  2.08157576e+00  7.07945784e+07  1.00000001e+00  7.07945784e+07  7.28421439e-01  7.07945784e+07  7.28421443e-01  7.07945784e+07  3.87901206e-02  7.07945784e+07  9.99999989e-01 
 7.49894209e+07  2.03046057e+00  7.49894209e+07  1.00000001e+00  7.49894209e+07  7.27649174e-01  7.49894209e+07  7.27649179e-01  7.49894209e+07  4.39775581e-02  7.49894209e+07  9.99999987e-01 
 7.94328235e+07  1.98444646e+00  7.94328235e+07  1.00000001e+00  7.94328235e+07  7.26932502e-01  7.94328235e+07  7.26932508e-01  7.94328235e+07  4.98096995e-02  7.94328235e+07  9.99999984e-01 
 8.41395142e+07  1.94301710e+00  8.41395142e+07  1.00000002e+00  8.41395142e+07  7.26263851e-01  8.41395142e+07  7.26263857e-01  8.41395142e+07  5.63628180e-02  8.41395142e+07  9.99999980e-01 
 8.91250938e+07  1.90571230e+00  8.91250938e+07  1.00000002e+00  8.91250938e+07  7.25635935e-01  8.91250938e+07  7.25635943e-01  8.91250938e+07  6.37222044e-02  8.91250938e+07  9.99999975e-01 
 9.44060876e+07  1.87212011e+00  9.44060876e+07  1.00000002e+00  9.44060876e+07  7.25041736e-01  9.44060876e+07  7.25041746e-01  9.44060876e+07  7.19831976e-02  9.44060876e+07  9.99999969e-01 
 1.00000000e+08  1.84187034e+00  1.00000000e+08  1.00000003e+00  1.00000000e+08  7.24474459e-01  1.00000000e+08  7.24474471e-01  1.00000000e+08  8.12523192e-02  1.00000000e+08  9.99999962e-01 
 1.05925373e+08  1.81462917e+00  1.05925373e+08  1.00000004e+00  1.05925373e+08  7.23927496e-01  1.05925373e+08  7.23927510e-01  1.05925373e+08  9.16485188e-02  1.05925373e+08  9.99999953e-01 
 1.12201845e+08  1.79009469e+00  1.12201845e+08  1.00000004e+00  1.12201845e+08  7.23394377e-01  1.12201845e+08  7.23394393e-01  1.12201845e+08  1.03304539e-01  1.12201845e+08  9.99999941e-01 
 1.18850223e+08  1.76799319e+00  1.18850223e+08  1.00000005e+00  1.18850223e+08  7.22868722e-01  1.18850223e+08  7.22868741e-01  1.18850223e+08  1.16368404e-01  1.18850223e+08  9.99999927e-01 
 1.25892541e+08  1.74807609e+00  1.25892541e+08  1.00000007e+00  1.25892541e+08  7.22344190e-01  1.25892541e+08  7.22344213e-01  1.25892541e+08  1.31005044e-01  1.25892541e+08  9.99999910e-01 
 1.33352143e+08  1.73011729e+00  1.33352143e+08  1.00000008e+00  1.33352143e+08  7.21814424e-01  1.33352143e+08  7.21814451e-01  1.33352143e+08  1.47398057e-01  1.33352143e+08  9.99999888e-01 
 1.41253754e+08  1.71391088e+00  1.41253754e+08  1.00000010e+00  1.41253754e+08  7.21272990e-01  1.41253754e+08  7.21273023e-01  1.41253754e+08  1.65751601e-01  1.41253754e+08  9.99999860e-01 
 1.49623566e+08  1.69926920e+00  1.49623566e+08  1.00000012e+00  1.49623566e+08  7.20713322e-01  1.49623566e+08  7.20713363e-01  1.49623566e+08  1.86292443e-01  1.49623566e+08  9.99999826e-01 
 1.58489319e+08  1.68602105e+00  1.58489319e+08  1.00000015e+00  1.58489319e+08  7.20128649e-01  1.58489319e+08  7.20128698e-01  1.58489319e+08  2.09272125e-01  1.58489319e+08  9.99999783e-01 
 1.67880402e+08  1.67401025e+00  1.67880402e+08  1.00000019e+00  1.67880402e+08  7.19511906e-01  1.67880402e+08  7.19511965e-01  1.67880402e+08  2.34969265e-01  1.67880402e+08  9.99999730e-01 
 1.77827941e+08  1.66309403e+00  1.77827941e+08  1.00000024e+00  1.77827941e+08  7.18855710e-01  1.77827941e+08  7.18855781e-01  1.77827941e+08  2.63691960e-01  1.77827941e+08  9.99999663e-01 
 1.88364909e+08  1.65313836e+00  1.88364909e+08  1.00000029e+00  1.88364909e+08  7.18153524e-01  1.88364909e+08  7.18153611e-01  1.88364909e+08  2.95780507e-01  1.88364909e+08  9.99999580e-01 
 1.99526231e+08  1.64401971e+00  1.99526231e+08  1.00000036e+00  1.99526231e+08  7.17398338e-01  1.99526231e+08  7.17398445e-01  1.99526231e+08  3.31609967e-01  1.99526231e+08  9.99999477e-01 
 2.11348904e+08  1.63563470e+00  2.11348904e+08  1.00000045e+00  2.11348904e+08  7.16579124e-01  2.11348904e+08  7.16579254e-01  2.11348904e+08  3.71591764e-01  2.11348904e+08  9.99999348e-01 
 2.23872114e+08  1.62788004e+00  2.23872114e+08  1.00000055e+00  2.23872114e+08  7.15687410e-01  2.23872114e+08  7.15687571e-01  2.23872114e+08  4.16177483e-01  2.23872114e+08  9.99999186e-01 
 2.37137371e+08  1.62065991e+00  2.37137371e+08  1.00000068e+00  2.37137371e+08  7.14714204e-01  2.37137371e+08  7.14714402e-01  2.37137371e+08  4.65860884e-01  2.37137371e+08  9.99998985e-01 
 2.51188643e+08  1.61388597e+00  2.51188643e+08  1.00000085e+00  2.51188643e+08  7.13649698e-01  2.51188643e+08  7.13649942e-01  2.51188643e+08  5.21179981e-01  2.51188643e+08  9.99998735e-01 
 2.66072506e+08  1.60747588e+00  2.66072506e+08  1.00000104e+00  2.66072506e+08  7.12483486e-01  2.66072506e+08  7.12483789e-01  2.66072506e+08  5.82718936e-01  2.66072506e+08  9.99998423e-01 
 2.81838293e+08  1.60135241e+00  2.81838293e+08  1.00000129e+00  2.81838293e+08  7.11204634e-01  2.81838293e+08  7.11205010e-01  2.81838293e+08  6.51109463e-01  2.81838293e+08  9.99998035e-01 
 2.98538262e+08  1.59544272e+00  2.98538262e+08  1.00000159e+00  2.98538262e+08  7.09801722e-01  2.98538262e+08  7.09802191e-01  2.98538262e+08  7.27031587e-01  2.98538262e+08  9.99997553e-01 
 3.16227766e+08  1.58967768e+00  3.16227766e+08  1.00000196e+00  3.16227766e+08  7.08262911e-01  3.16227766e+08  7.08263496e-01  3.16227766e+08  8.11213579e-01  3.16227766e+08  9.99996954e-01 
 3.34965439e+08  1.58399135e+00  3.34965439e+08  1.00000241e+00  3.34965439e+08  7.06576025e-01  3.34965439e+08  7.06576757e-01  3.34965439e+08  9.04430851e-01  3.34965439e+08  9.99996212e-01 
 3.54813389e+08  1.57832051e+00  3.54813389e+08  1.00000296e+00  3.54813389e+08  7.04728683e-01  3.54813389e+08  7.04729602e-01  3.54813389e+08  1.00750358e+00  3.54813389e+08  9.99995293e-01 
 3.75837404e+08  1.57260419e+00  3.75837404e+08  1.00000362e+00  3.75837404e+08  7.02708458e-01  3.75837404e+08  7.02709612e-01  3.75837404e+08  1.12129285e+00  3.75837404e+08  9.99994156e-01 
 3.98107171e+08  1.56678336e+00  3.98107171e+08  1.00000442e+00  3.98107171e+08  7.00503079e-01  3.98107171e+08  7.00504533e-01  3.98107171e+08  1.24669500e+00  3.98107171e+08  9.99992753e-01 
 4.21696503e+08  1.56080067e+00  4.21696503e+08  1.00000539e+00  4.21696503e+08  6.98100690e-01  4.21696503e+08  6.98102525e-01  4.21696503e+08  1.38463407e+00  4.21696503e+08  9.99991024e-01 
 4.46683592e+08  1.55460016e+00  4.46683592e+08  1.00000656e+00  4.46683592e+08  6.95490140e-01  4.46683592e+08  6.95492458e-01  4.46683592e+08  1.53605204e+00  4.46683592e+08  9.99988898e-01 
 4.73151259e+08  1.54812715e+00  4.73151259e+08  1.00000795e+00  4.73151259e+08  6.92661333e-01  4.73151259e+08  6.92664266e-01  4.73151259e+08  1.70189683e+00  4.73151259e+08  9.99986289e-01 
 5.01187234e+08  1.54132804e+00  5.01187234e+08  1.00000960e+00  5.01187234e+08  6.89605611e-01  5.01187234e+08  6.89609328e-01  5.01187234e+08  1.88310802e+00  5.01187234e+08  9.99983097e-01 
 5.30884444e+08  1.53415016e+00  5.30884444e+08  1.00001156e+00  5.30884444e+08  6.86316176e-01  5.30884444e+08  6.86320890e-01  5.30884444e+08  2.08060040e+00  5.30884444e+08  9.99979200e-01 
 5.62341325e+08  1.52654165e+00  5.62341325e+08  1.00001387e+00  5.62341325e+08  6.82788531e-01  5.62341325e+08  6.82794516e-01  5.62341325e+08  2.29524567e+00  5.62341325e+08  9.99974455e-01 
 5.95662144e+08  1.51845109e+00  5.95662144e+08  1.00001656e+00  5.95662144e+08  6.79020932e-01  5.95662144e+08  6.79028534e-01  5.95662144e+08  2.52785268e+00  5.95662144e+08  9.99968697e-01 
 6.30957344e+08  1.50982717e+00  6.30957344e+08  1.00001969e+00  6.30957344e+08  6.75014814e-01  6.30957344e+08  6.75024475e-01  6.30957344e+08  2.77914714e+00  6.30957344e+08  9.99961731e-01 
 6.68343918e+08  1.50061804e+00  6.68343918e+08  1.00002331e+00  6.68343918e+08  6.70775193e-01  6.68343918e+08  6.70787469e-01  6.68343918e+08  3.04975156e+00  6.68343918e+08  9.99953332e-01 
 7.07945784e+08  1.49077030e+00  7.07945784e+08  1.00002746e+00  7.07945784e+08  6.66310982e-01  7.07945784e+08  6.66326577e-01  7.07945784e+08  3.34016684e+00  7.07945784e+08  9.99943240e-01 
 7.49894209e+08  1.48022769e+00  7.49894209e+08  1.00003217e+00  7.49894209e+08  6.61635227e-01  7.49894209e+08  6.61655026e-01  7.49894209e+08  3.65075681e+00  7.49894209e+08  9.99931162e-01 
 7.94328235e+08  1.46892911e+00  7.94328235e+08  1.00003748e+00  7.94328235e+08  6.56765206e-01  7.94328235e+08  6.56790317e-01  7.94328235e+08  3.98173753e+00  7.94328235e+08  9.99916761e-01 
 8.41395142e+08  1.45680600e+00  8.41395142e+08  1.00004340e+00  8.41395142e+08  6.51722394e-01  8.41395142e+08  6.51754199e-01  8.41395142e+08  4.33317295e+00  8.41395142e+08  9.99899663e-01 
 8.91250938e+08  1.44377891e+00  8.91250938e+08  1.00004995e+00  8.91250938e+08  6.46532255e-01  8.91250938e+08  6.46572468e-01  8.91250938e+08  4.70497886e+00  8.91250938e+08  9.99879448e-01 
 9.44060876e+08  1.42975308e+00  9.44060876e+08  1.00005709e+00  9.44060876e+08  6.41223873e-01  9.44060876e+08  6.41274611e-01  9.44060876e+08  5.09693668e+00  9.44060876e+08  9.99855653e-01 
 1.00000000e+09  1.41461304e+00  1.00000000e+09  1.00006477e+00  1.00000000e+09  6.35829420e-01  1.00000000e+09  6.35893279e-01  1.00000000e+09  5.50871856e+00  1.00000000e+09  9.99827775e-01 
 1.05925373e+09  1.39821597e+00  1.05925373e+09  1.00007290e+00  1.05925373e+09  6.30383476e-01  1.05925373e+09  6.30463623e-01  1.05925373e+09  5.93992504e+00  1.05925373e+09  9.99795268e-01 
 1.12201845e+09  1.38038400e+00  1.12201845e+09  1.00008132e+00  1.12201845e+09  6.24922239e-01  1.12201845e+09  6.25022514e-01  1.12201845e+09  6.39013582e+00  1.12201845e+09  9.99757550e-01 
 1.18850223e+09  1.36089536e+00  1.18850223e+09  1.00008978e+00  1.18850223e+09  6.19482662e-01  1.18850223e+09  6.19607687e-01  1.18850223e+09  6.85897394e+00  1.18850223e+09  9.99714011e-01 
 1.25892541e+09  1.33947470e+00  1.25892541e+09  1.00009794e+00  1.25892541e+09  6.14101560e-01  1.25892541e+09  6.14256863e-01  1.25892541e+09  7.34618284e+00  1.25892541e+09  9.99664024e-01 
 1.33352143e+09  1.31578276e+00  1.33352143e+09  1.00010533e+00  1.33352143e+09  6.08814741e-01  1.33352143e+09  6.09006894e-01  1.33352143e+09  7.85171531e+00  1.33352143e+09  9.99606959e-01 
 1.41253754e+09  1.28940625e+00  1.41253754e+09  1.00011126e+00  1.41253754e+09  6.03656212e-01  1.41253754e+09  6.03892972e-01  1.41253754e+09  8.37583228e+00  1.41253754e+09  9.99542203e-01 
 1.49623566e+09  1.25984885e+00  1.49623566e+09  1.00011481e+00  1.49623566e+09  5.98657492e-01  1.49623566e+09  5.98947962e-01  1.49623566e+09  8.91920825e+00  1.49623566e+09  9.99469193e-01 
 1.58489319e+09  1.22652517e+00  1.58489319e+09  1.00011473e+00  1.58489319e+09  5.93847071e-01  1.58489319e+09  5.94201869e-01  1.58489319e+09  9.48303817e+00  1.58489319e+09  9.99387448e-01 
 1.67880402e+09  1.18876038e+00  1.67880402e+09  1.00010934e+00  1.67880402e+09  5.89250031e-01  1.67880402e+09  5.89681474e-01  1.67880402e+09  1.00691371e+01  1.67880402e+09  9.99296623e-01 
 1.77827941e+09  1.14580019e+00  1.77827941e+09  1.00009639e+00  1.77827941e+09  5.84887818e-01  1.77827941e+09  5.85410129e-01  1.77827941e+09  1.06800173e+01  1.77827941e+09  9.99196565e-01 
 1.88364909e+09  1.09683858e+00  1.88364909e+09  1.00007294e+00  1.88364909e+09  5.80778171e-01  1.88364909e+09  5.81407695e-01  1.88364909e+09  1.13189153e+01  1.88364909e+09  9.99087384e-01 
 1.99526231e+09  1.04107533e+00  1.99526231e+09  1.00003520e+00  1.99526231e+09  5.76935123e-01  1.99526231e+09  5.77690570e-01  1.99526231e+09  1.19897194e+01  1.99526231e+09  9.98969532e-01 
 2.11348904e+09  9.77823049e-01  2.11348904e+09  9.99978407e-01  2.11348904e+09  5.73369017e-01  2.11348904e+09  5.74271721e-01  2.11348904e+09  1.26967071e+01  2.11348904e+09  9.98843862e-01 
 2.23872114e+09  9.06695700e-01  2.23872114e+09  9.99896872e-01  2.23872114e+09  5.70086378e-01  2.23872114e+09  5.71160548e-01  2.23872114e+09  1.34439287e+01  2.23872114e+09  9.98711635e-01 
 2.37137371e+09  8.27929265e-01  2.37137371e+09  9.99784298e-01  2.37137371e+09  5.67089376e-01  2.37137371e+09  5.68362295e-01  2.37137371e+09  1.42339515e+01  2.37137371e+09  9.98574371e-01 
 2.51188643e+09  7.42912107e-01  2.51188643e+09  9.99634909e-01  2.51188643e+09  5.64374490e-01  2.51188643e+09  5.65876550e-01  2.51188643e+09  1.50654827e+01  2.51188643e+09  9.98433366e-01 
 2.66072506e+09  6.55032786e-01  2.66072506e+09  9.99446054e-01  2.66072506e+09  5.61929765e-01  2.66072506e+09  5.63694081e-01  2.66072506e+09  1.59291337e+01  2.66072506e+09  9.98288491e-01 
 2.81838293e+09  5.70963713e-01  2.81838293e+09  9.99223557e-01  2.81838293e+09  5.59729978e-01  2.81838293e+09  5.61791138e-01  2.81838293e+09  1.68004159e+01  2.81838293e+09  9.98135723e-01 
 2.98538262e+09  5.02416586e-01  2.98538262e+09  9.98991178e-01  2.98538262e+09  5.57729633e-01  2.98538262e+09  5.60120876e-01  2.98538262e+09  1.76294983e+01  2.98538262e+09  9.97962714e-01 
 3.16227766e+09  4.68067606e-01  3.16227766e+09  9.98804074e-01  3.16227766e+09  5.55856298e-01  3.16227766e+09  5.58604348e-01  3.16227766e+09  1.83296425e+01  3.16227766e+09  9.97742514e-01 
 3.34965439e+09  4.94558982e-01  3.34965439e+09  9.98760101e-01  3.34965439e+09  5.54012688e-01  3.34965439e+09  5.57130454e-01  3.34965439e+09  1.87723832e+01  3.34965439e+09  9.97428414e-01 
 3.54813389e+09  6.14467801e-01  3.54813389e+09  9.98991836e-01  3.54813389e+09  5.52102092e-01  3.54813389e+09  5.55582247e-01  3.54813389e+09  1.88059359e+01  3.54813389e+09  9.96958293e-01 
 3.75837404e+09  8.59482334e-01  3.75837404e+09  9.99619740e-01  3.75837404e+09  5.50082179e-01  3.75837404e+09  5.53898244e-01  3.75837404e+09  1.83105371e+01  3.75837404e+09  9.96277787e-01 
 3.98107171e+09  1.25093533e+00  3.98107171e+09  1.00068014e+00  3.98107171e+09  5.48013560e-01  3.98107171e+09  5.52133285e-01  3.98107171e+09  1.72709090e+01  3.98107171e+09  9.95374983e-01 
 4.21696503e+09  1.79477267e+00  4.21696503e+09  1.00209205e+00  4.21696503e+09  5.46044624e-01  4.21696503e+09  5.50449662e-01  4.21696503e+09  1.58046218e+01  4.21696503e+09  9.94294704e-01 
 4.46683592e+09  2.48570922e+00  4.46683592e+09  1.00370455e+00  4.46683592e+09  5.44332386e-01  4.46683592e+09  5.49030280e-01  4.46683592e+09  1.41102404e+01  4.46683592e+09  9.93112932e-01 
 4.73151259e+09  3.31633415e+00  4.73151259e+09  1.00537648e+00  4.73151259e+09  5.42973811e-01  4.73151259e+09  5.47996057e-01  4.73151259e+09  1.23806721e+01  4.73151259e+09  9.91897036e-01 
 5.01187234e+09  4.28371470e+00  5.01187234e+09  1.00702015e+00  5.01187234e+09  5.41995570e-01  5.01187234e+09  5.47387777e-01  5.01187234e+09  1.07491259e+01  5.01187234e+09  9.90685921e-01 
 5.30884444e+09  5.39107084e+00  5.30884444e+09  1.00859944e+00  5.30884444e+09  5.41381082e-01  5.30884444e+09  5.47193359e-01  5.30884444e+09  9.28313107e+00  5.30884444e+09  9.89493132e-01 
 5.62341325e+09  6.64648010e+00  5.62341325e+09  1.01010977e+00  5.62341325e+09  5.41099130e-01  5.62341325e+09  5.47380064e-01  5.62341325e+09  8.00303853e+00  5.62341325e+09  9.88318050e-01 
 5.95662144e+09  8.06086577e+00  5.95662144e+09  1.01156026e+00  5.95662144e+09  5.41120241e-01  5.95662144e+09  5.47914096e-01  5.95662144e+09  6.90279533e+00  5.95662144e+09  9.87155045e-01 
 6.30957344e+09  9.64628316e+00  6.30957344e+09  1.01296329e+00  6.30957344e+09  5.41422713e-01  6.30957344e+09  5.48768507e-01  6.30957344e+09  5.96456238e+00  6.30957344e+09  9.85998445e-01 
 6.68343918e+09  1.14146742e+01  6.68343918e+09  1.01432975e+00  6.68343918e+09  5.41993297e-01  6.68343918e+09  5.49924738e-01  6.68343918e+09  5.16698971e+00  6.68343918e+09  9.84844513e-01 
 7.07945784e+09  1.33769824e+01  7.07945784e+09  1.01566747e+00  7.07945784e+09  5.42825895e-01  7.07945784e+09  5.51371625e-01  7.07945784e+09  4.48923536e+00  7.07945784e+09  9.83691877e-01 
 7.49894209e+09  1.55425068e+01  7.49894209e+09  1.01698111e+00  7.49894209e+09  5.43919842e-01  7.49894209e+09  5.53103753e-01  7.49894209e+09  3.91260430e+00  7.49894209e+09  9.82541297e-01 
 7.94328235e+09  1.79184224e+01  7.94328235e+09  1.01827258e+00  7.94328235e+09  5.45278322e-01  7.94328235e+09  5.55119874e-01  7.94328235e+09  3.42100060e+00  7.94328235e+09  9.81395209e-01 
 8.41395142e+09  2.05094414e+01  8.41395142e+09  1.01954169e+00  8.41395142e+09  5.46907041e-01  8.41395142e+09  5.57421565e-01  8.41395142e+09  3.00084717e+00  8.41395142e+09  9.80257243e-01 
 8.91250938e+09  2.33176183e+01  8.91250938e+09  1.02078675e+00  8.91250938e+09  5.48813124e-01  8.91250938e+09  5.60012138e-01  8.91250938e+09  2.64080235e+00  8.91250938e+09  9.79131764e-01 
 9.44060876e+09  2.63423139e+01  9.44060876e+09  1.02200510e+00  9.44060876e+09  5.51004196e-01  9.44060876e+09  5.62895731e-01  9.44060876e+09  2.33142698e+00  9.44060876e+09  9.78023475e-01 
 1.00000000e+10  2.95803382e+01  1.00000000e+10  1.02319363e+00  1.00000000e+10  5.53487575e-01  1.00000000e+10  5.66076536e-01  1.00000000e+10  2.06486791e+00  1.00000000e+10  9.76937069e-01 
 1.05925373e+10  3.30262840e+01  1.05925373e+10  1.02434909e+00  1.05925373e+10  5.56269564e-01  1.05925373e+10  5.69558123e-01  1.05925373e+10  1.83458142e+00  1.05925373e+10  9.75876945e-01 
 1.12201845e+10  3.66730604e+01  1.12201845e+10  1.02546852e+00  1.12201845e+10  5.59354812e-01  1.12201845e+10  5.73342839e-01  1.12201845e+10  1.63510108e+00  1.12201845e+10  9.74846972e-01 
 1.18850223e+10  4.05126203e+01  1.18850223e+10  1.02654942e+00  1.18850223e+10  5.62745758e-01  1.18850223e+10  5.77431273e-01  1.18850223e+10  1.46184677e+00  1.18850223e+10  9.73850301e-01 
 1.25892541e+10  4.45368685e+01  1.25892541e+10  1.02759003e+00  1.25892541e+10  5.66442144e-01  1.25892541e+10  5.81821794e-01  1.25892541e+10  1.31096910e+00  1.25892541e+10  9.72889230e-01 
 1.33352143e+10  4.87387287e+01  1.33352143e+10  1.02858939e+00  1.33352143e+10  5.70440628e-01  1.33352143e+10  5.86510178e-01  1.33352143e+10  1.17922304e+00  1.33352143e+10  9.71965103e-01 
 1.41253754e+10  5.31133408e+01  1.41253754e+10  1.02954755e+00  1.41253754e+10  5.74734504e-01  1.41253754e+10  5.91489337e-01  1.41253754e+10  1.06386520e+00  1.41253754e+10  9.71078248e-01 
 1.49623566e+10  5.76593619e+01  1.49623566e+10  1.03046555e+00  1.49623566e+10  5.79313553e-01  1.49623566e+10  5.96749175e-01  1.49623566e+10  9.62570134e-01  1.49623566e+10  9.70227947e-01 
 1.58489319e+10  6.23803436e+01  1.58489319e+10  1.03134549e+00  1.58489319e+10  5.84164025e-01  1.58489319e+10  6.02276581e-01  1.58489319e+10  8.73361897e-01  1.58489319e+10  9.69412424e-01 
 1.67880402e+10  6.72861715e+01  1.67880402e+10  1.03219056e+00  1.67880402e+10  5.89268783e-01  1.67880402e+10  6.08055586e-01  1.67880402e+10  7.94557823e-01  1.67880402e+10  9.68628849e-01 
 1.77827941e+10  7.23945624e+01  1.77827941e+10  1.03300504e+00  1.77827941e+10  5.94607594e-01  1.77827941e+10  6.14067668e-01  1.77827941e+10  7.24722127e-01  1.77827941e+10  9.67873360e-01 
 1.88364909e+10  7.77326340e+01  1.88364909e+10  1.03379426e+00  1.88364909e+10  6.00157561e-01  1.88364909e+10  6.20292220e-01  1.88364909e+10  6.62627453e-01  1.88364909e+10  9.67141079e-01 
 1.99526231e+10  8.33385814e+01  1.99526231e+10  1.03456465e+00  1.99526231e+10  6.05893688e-01  1.99526231e+10  6.26707145e-01  1.99526231e+10  6.07222890e-01  1.99526231e+10  9.66426138e-01 
 2.11348904e+10  8.92635182e+01  2.11348904e+10  1.03532365e+00  2.11348904e+10  6.11789541e-01  2.11348904e+10  6.33289563e-01  2.11348904e+10  5.57607265e-01  2.11348904e+10  9.65721707e-01 
 2.23872114e+10  9.55735651e+01  2.23872114e+10  1.03607977e+00  2.23872114e+10  6.17817963e-01  2.23872114e+10  6.40016576e-01  2.23872114e+10  5.13006786e-01  2.23872114e+10  9.65020019e-01 
 2.37137371e+10  1.02352295e+02  2.37137371e+10  1.03684251e+00  2.37137371e+10  6.23951819e-01  2.37137371e+10  6.46866056e-01  2.37137371e+10  4.72756291e-01  2.37137371e+10  9.64312408e-01 
 2.51188643e+10  1.09703676e+02  2.51188643e+10  1.03762233e+00  2.51188643e+10  6.30164704e-01  2.51188643e+10  6.53817396e-01  2.51188643e+10  4.36283485e-01  2.51188643e+10  9.63589356e-01 
 2.66072506e+10  1.17755675e+02  2.66072506e+10  1.03843059e+00  2.66072506e+10  6.36431583e-01  2.66072506e+10  6.60852167e-01  2.66072506e+10  4.03095700e-01  2.66072506e+10  9.62840562e-01 
 2.81838293e+10  1.26664752e+02  2.81838293e+10  1.03927947e+00  2.81838293e+10  6.42729327e-01  2.81838293e+10  6.67954653e-01  2.81838293e+10  3.72768762e-01  2.81838293e+10  9.62055041e-01 
 2.98538262e+10  1.36621483e+02  2.98538262e+10  1.04018181e+00  2.98538262e+10  6.49037111e-01  2.98538262e+10  6.75112203e-01  2.98538262e+10  3.44937640e-01  2.98538262e+10  9.61221261e-01 
