 1.00000000e+07  6.53566663e+00  1.00000000e+07  1.00000000e+00  1.00000000e+07  8.34068777e-01  1.00000000e+07  8.34068777e-01  1.00000000e+07  4.22938925e-04  1.00000000e+07  1.00000000e+00 
 1.05925373e+07  6.50537169e+00  1.05925373e+07  1.00000000e+00  1.05925373e+07  8.28746141e-01  1.05925373e+07  8.28746141e-01  1.05925373e+07  4.47842484e-04  1.05925373e+07  1.00000000e+00 
 1.12201845e+07  6.46671792e+00  1.12201845e+07  1.00000000e+00  1.12201845e+07  8.23481977e-01  1.12201845e+07  8.23481977e-01  1.12201845e+07  4.73722614e-04  1.12201845e+07  1.00000000e+00 
 1.18850223e+07  6.41712351e+00  1.18850223e+07  1.00000000e+00  1.18850223e+07  8.18284159e-01  1.18850223e+07  8.18284159e-01  1.18850223e+07  5.00721822e-04  1.18850223e+07  1.00000000e+00 
 1.25892541e+07  6.35548163e+00  1.25892541e+07  1.00000000e+00  1.25892541e+07  8.13161692e-01  1.25892541e+07  8.13161692e-01  1.25892541e+07  5.29045187e-04  1.25892541e+07  1.00000000e+00 
 1.33352143e+07  6.28057532e+00  1.33352143e+07  1.00000000e+00  1.33352143e+07  8.08124758e-01  1.33352143e+07  8.08124758e-01  1.33352143e+07  5.58979745e-04  1.33352143e+07  1.00000000e+00 
 1.41253754e+07  6.19052856e+00  1.41253754e+07  1.00000000e+00  1.41253754e+07  8.03184638e-01  1.41253754e+07  8.03184638e-01  1.41253754e+07  5.90918083e-04  1.41253754e+07  1.00000000e+00 
 1.49623566e+07  6.08441484e+00  1.49623566e+07  1.00000000e+00  1.49623566e+07  7.98353507e-01  1.49623566e+07  7.98353507e-01  1.49623566e+07  6.25386189e-04  1.49623566e+07  1.00000000e+00 
 1.58489319e+07  5.96089460e+00  1.58489319e+07  1.00000000e+00  1.58489319e+07  7.93644127e-01  1.58489319e+07  7.93644127e-01  1.58489319e+07  6.63075121e-04  1.58489319e+07  1.00000000e+00 
 1.67880402e+07  5.81953489e+00  1.67880402e+07  1.00000000e+00  1.67880402e+07  7.89069463e-01  1.67880402e+07  7.89069463e-01  1.67880402e+07  7.04875269e-04  1.67880402e+07  1.00000000e+00 
 1.77827941e+07  5.66030099e+00  1.77827941e+07  1.00000000e+00  1.77827941e+07  7.84642252e-01  1.77827941e+07  7.84642252e-01  1.77827941e+07  7.51910961e-04  1.77827941e+07  1.00000000e+00 
 1.88364909e+07  5.48423940e+00  1.88364909e+07  1.00000000e+00  1.88364909e+07  7.80374566e-01  1.88364909e+07  7.80374566e-01  1.88364909e+07  8.05572273e-04  1.88364909e+07  1.00000000e+00 
 1.99526231e+07  5.29317293e+00  1.99526231e+07  1.00000000e+00  1.99526231e+07  7.76277386e-01  1.99526231e+07  7.76277386e-01  1.99526231e+07  8.67540241e-04  1.99526231e+07  1.00000000e+00 
 2.11348904e+07  5.09034731e+00  2.11348904e+07  1.00000000e+00  2.11348904e+07  7.72360240e-01  2.11348904e+07  7.72360240e-01  2.11348904e+07  9.39802088e-04  2.11348904e+07  1.00000000e+00 
 2.23872114e+07  4.88006291e+00  2.23872114e+07  1.00000000e+00  2.23872114e+07  7.68630905e-01  2.23872114e+07  7.68630905e-01  2.23872114e+07  1.02465460e-03  2.23872114e+07  1.00000000e+00 
 2.37137371e+07  4.66749589e+00  2.37137371e+07  1.00000000e+00  2.37137371e+07  7.65095193e-01  2.37137371e+07  7.65095193e-01  2.37137371e+07  1.12469665e-03  2.37137371e+07  1.00000000e+00 
 2.51188643e+07  4.45811650e+00  2.51188643e+07  1.00000000e+00  2.51188643e+07  7.61756840e-01  2.51188643e+07  7.61756840e-01  2.51188643e+07  1.24281497e-03  2.51188643e+07  1.00000000e+00 
 2.66072506e+07  4.25724974e+00  2.66072506e+07  1.00000000e+00  2.66072506e+07  7.58617478e-01  2.66072506e+07  7.58617478e-01  2.66072506e+07  1.38216980e-03  2.66072506e+07  1.00000000e+00 
 2.81838293e+07  4.06947518e+00  2.81838293e+07  1.00000000e+00  2.81838293e+07  7.55676691e-01  2.81838293e+07  7.55676691e-01  2.81838293e+07  1.54618757e-03  2.81838293e+07  1.00000000e+00 
 2.98538262e+07  3.89818835e+00  2.98538262e+07  1.00000000e+00  2.98538262e+07  7.52932140e-01  2.98538262e+07  7.52932141e-01  2.98538262e+07  1.73856613e-03  2.98538262e+07  1.00000000e+00 
 3.16227766e+07  3.74545294e+00  3.16227766e+07  1.00000000e+00  3.16227766e+07  7.50379751e-01  3.16227766e+07  7.50379751e-01  3.16227766e+07  1.96329552e-03  3.16227766e+07  1.00000000e+00 
 3.34965439e+07  3.61199265e+00  3.34965439e+07  1.00000000e+00  3.34965439e+07  7.48013927e-01  3.34965439e+07  7.48013927e-01  3.34965439e+07  2.22469434e-03  3.34965439e+07  1.00000000e+00 
 3.54813389e+07  3.49743214e+00  3.54813389e+07  1.00000000e+00  3.54813389e+07  7.45827794e-01  3.54813389e+07  7.45827794e-01  3.54813389e+07  2.52745980e-03  3.54813389e+07  1.00000000e+00 
 3.75837404e+07  3.40053810e+00  3.75837404e+07  1.00000000e+00  3.75837404e+07  7.43813446e-01  3.75837404e+07  7.43813446e-01  3.75837404e+07  2.87672942e-03  3.75837404e+07  1.00000000e+00 
 3.98107171e+07  3.31956054e+00  3.98107171e+07  1.00000000e+00  3.98107171e+07  7.41962195e-01  3.98107171e+07  7.41962196e-01  3.98107171e+07  3.27815202e-03  3.98107171e+07  1.00000000e+00 
 4.21696503e+07  3.25247857e+00  4.21696503e+07  1.00000000e+00  4.21696503e+07  7.40264796e-01  4.21696503e+07  7.40264796e-01  4.21696503e+07  3.73796729e-03  4.21696503e+07  9.99999999e-01 
 4.46683592e+07  3.19722570e+00  4.46683592e+07  1.00000000e+00  4.46683592e+07  7.38711657e-01  4.46683592e+07  7.38711658e-01  4.46683592e+07  4.26309342e-03  4.46683592e+07  9.99999999e-01 
 4.73151259e+07  3.15183381e+00  4.73151259e+07  1.00000000e+00  4.73151259e+07  7.37293027e-01  4.73151259e+07  7.37293028e-01  4.73151259e+07  4.86122355e-03  4.73151259e+07  9.99999999e-01 
 5.01187234e+07  3.11452514e+00  5.01187234e+07  1.00000000e+00  5.01187234e+07  7.35999150e-01  5.01187234e+07  7.35999150e-01  5.01187234e+07  5.54093204e-03  5.01187234e+07  9.99999999e-01 
 5.30884444e+07  3.08375373e+00  5.30884444e+07  1.00000000e+00  5.30884444e+07  7.34820395e-01  5.30884444e+07  7.34820396e-01  5.30884444e+07  6.31179182e-03  5.30884444e+07  9.99999999e-01 
 5.62341325e+07  3.05822333e+00  5.62341325e+07  1.00000000e+00  5.62341325e+07  7.33747363e-01  5.62341325e+07  7.33747364e-01  5.62341325e+07  7.18450459e-03  5.62341325e+07  9.99999998e-01 
 5.95662144e+07  3.03686568e+00  5.95662144e+07  1.00000000e+00  5.95662144e+07  7.32770961e-01  5.95662144e+07  7.32770963e-01  5.95662144e+07  8.17104534e-03  5.95662144e+07  9.99999998e-01 
 6.30957344e+07  3.01882707e+00  6.30957344e+07  1.00000000e+00  6.30957344e+07  7.31882462e-01  6.30957344e+07  7.31882464e-01  6.30957344e+07  9.28482314e-03  6.30957344e+07  9.99999997e-01 
 6.68343918e+07  3.00343242e+00  6.68343918e+07  1.00000000e+00  6.68343918e+07  7.31073541e-01  6.68343918e+07  7.31073543e-01  6.68343918e+07  1.05408600e-02  6.68343918e+07  9.99999996e-01 
 7.07945784e+07  2.99015742e+00  7.07945784e+07  1.00000000e+00  7.07945784e+07  7.30336291e-01  7.07945784e+07  7.30336294e-01  7.07945784e+07  1.19559902e-02  7.07945784e+07  9.99999995e-01 
 7.49894209e+07  2.97859965e+00  7.49894209e+07  1.00000001e+00  7.49894209e+07  7.29663236e-01  7.49894209e+07  7.29663240e-01  7.49894209e+07  1.35490815e-02  7.49894209e+07  9.99999994e-01 
 7.94328235e+07  2.96845230e+00  7.94328235e+07  1.00000001e+00  7.94328235e+07  7.29047319e-01  7.94328235e+07  7.29047323e-01  7.94328235e+07  1.53412824e-02  7.94328235e+07  9.99999992e-01 
 8.41395142e+07  2.95948290e+00  8.41395142e+07  1.00000001e+00  8.41395142e+07  7.28481888e-01  8.41395142e+07  7.28481893e-01  8.41395142e+07  1.73562960e-02  8.41395142e+07  9.99999990e-01 
 8.91250938e+07  2.95151541e+00  8.91250938e+07  1.00000001e+00  8.91250938e+07  7.27960674e-01  8.91250938e+07  7.27960680e-01  8.91250938e+07  1.96206854e-02  8.91250938e+07  9.99999987e-01 
 9.44060876e+07  2.94441631e+00  9.44060876e+07  1.00000001e+00  9.44060876e+07  7.27477758e-01  9.44060876e+07  7.27477767e-01  9.44060876e+07  2.21642128e-02  9.44060876e+07  9.99999983e-01 
 1.00000000e+08  2.93808333e+00  1.00000000e+08  1.00000002e+00  1.00000000e+08  7.27027544e-01  1.00000000e+08  7.27027555e-01  1.00000000e+08  2.50202168e-02  1.00000000e+08  9.99999979e-01 
 1.05925373e+08  2.93243753e+00  1.05925373e+08  1.00000002e+00  1.05925373e+08  7.26604713e-01  1.05925373e+08  7.26604727e-01  1.05925373e+08  2.82260299e-02  1.05925373e+08  9.99999973e-01 
 1.12201845e+08  2.92741682e+00  1.12201845e+08  1.00000003e+00  1.12201845e+08  7.26204187e-01  1.12201845e+08  7.26204204e-01  1.12201845e+08  3.18234434e-02  1.12201845e+08  9.99999966e-01 
 1.18850223e+08  2.92297181e+00  1.18850223e+08  1.00000004e+00  1.18850223e+08  7.25821081e-01  1.18850223e+08  7.25821103e-01  1.18850223e+08  3.58592209e-02  1.18850223e+08  9.99999957e-01 
 1.25892541e+08  2.91906266e+00  1.25892541e+08  1.00000005e+00  1.25892541e+08  7.25450655e-01  1.25892541e+08  7.25450682e-01  1.25892541e+08  4.03856673e-02  1.25892541e+08  9.99999946e-01 
 1.33352143e+08  2.91565694e+00  1.33352143e+08  1.00000006e+00  1.33352143e+08  7.25088242e-01  1.33352143e+08  7.25088276e-01  1.33352143e+08  4.54612558e-02  1.33352143e+08  9.99999931e-01 
 1.41253754e+08  2.91272919e+00  1.41253754e+08  1.00000008e+00  1.41253754e+08  7.24729103e-01  1.41253754e+08  7.24729147e-01  1.41253754e+08  5.11513170e-02  1.41253754e+08  9.99999913e-01 
 1.49623566e+08  2.91026507e+00  1.49623566e+08  1.00000010e+00  1.49623566e+08  7.24367791e-01  1.49623566e+08  7.24367846e-01  1.49623566e+08  5.75287685e-02  1.49623566e+08  9.99999891e-01 
 1.58489319e+08  2.90821983e+00  1.58489319e+08  1.00000012e+00  1.58489319e+08  7.24003421e-01  1.58489319e+08  7.24003491e-01  1.58489319e+08  6.46751385e-02  1.58489319e+08  9.99999862e-01 
 1.67880402e+08  2.90655478e+00  1.67880402e+08  1.00000015e+00  1.67880402e+08  7.23632873e-01  1.67880402e+08  7.23632961e-01  1.67880402e+08  7.26815220e-02  1.67880402e+08  9.99999826e-01 
 1.77827941e+08  2.90534031e+00  1.77827941e+08  1.00000019e+00  1.77827941e+08  7.23242791e-01  1.77827941e+08  7.23242901e-01  1.77827941e+08  8.16485415e-02  1.77827941e+08  9.99999781e-01 
 1.88364909e+08  2.90452784e+00  1.88364909e+08  1.00000024e+00  1.88364909e+08  7.22833030e-01  1.88364909e+08  7.22833169e-01  1.88364909e+08  9.16891091e-02  1.88364909e+08  9.99999724e-01 
 1.99526231e+08  2.90411308e+00  1.99526231e+08  1.00000030e+00  1.99526231e+08  7.22398464e-01  1.99526231e+08  7.22398639e-01  1.99526231e+08  1.02928543e-01  1.99526231e+08  9.99999653e-01 
 2.11348904e+08  2.90409625e+00  2.11348904e+08  1.00000038e+00  2.11348904e+08  7.21933614e-01  2.11348904e+08  7.21933834e-01  2.11348904e+08  1.15506064e-01  2.11348904e+08  9.99999563e-01 
 2.23872114e+08  2.90448126e+00  2.23872114e+08  1.00000048e+00  2.23872114e+08  7.21432680e-01  2.23872114e+08  7.21432956e-01  2.23872114e+08  1.29576166e-01  2.23872114e+08  9.99999451e-01 
 2.37137371e+08  2.90527582e+00  2.37137371e+08  1.00000060e+00  2.37137371e+08  7.20889472e-01  2.37137371e+08  7.20889819e-01  2.37137371e+08  1.45310048e-01  2.37137371e+08  9.99999309e-01 
 2.51188643e+08  2.90649162e+00  2.51188643e+08  1.00000076e+00  2.51188643e+08  7.20297352e-01  2.51188643e+08  7.20297788e-01  2.51188643e+08  1.62897140e-01  2.51188643e+08  9.99999132e-01 
 2.66072506e+08  2.90814451e+00  2.66072506e+08  1.00000095e+00  2.66072506e+08  7.19649166e-01  2.66072506e+08  7.19649714e-01  2.66072506e+08  1.82546683e-01  2.66072506e+08  9.99998910e-01 
 2.81838293e+08  2.91025463e+00  2.81838293e+08  1.00000119e+00  2.81838293e+08  7.18937187e-01  2.81838293e+08  7.18937874e-01  2.81838293e+08  2.04489363e-01  2.81838293e+08  9.99998632e-01 
 2.98538262e+08  2.91284657e+00  2.98538262e+08  1.00000149e+00  2.98538262e+08  7.18153051e-01  2.98538262e+08  7.18153912e-01  2.98538262e+08  2.28978958e-01  2.98538262e+08  9.99998284e-01 
 3.16227766e+08  2.91594952e+00  3.16227766e+08  1.00000186e+00  3.16227766e+08  7.17287698e-01  3.16227766e+08  7.17288777e-01  3.16227766e+08  2.56293996e-01  3.16227766e+08  9.99997848e-01 
 3.34965439e+08  2.91959733e+00  3.34965439e+08  1.00000233e+00  3.34965439e+08  7.16331318e-01  3.34965439e+08  7.16332670e-01  3.34965439e+08  2.86739338e-01  3.34965439e+08  9.99997305e-01 
 3.54813389e+08  2.92382864e+00  3.54813389e+08  1.00000292e+00  3.54813389e+08  7.15273294e-01  3.54813389e+08  7.15274986e-01  3.54813389e+08  3.20647682e-01  3.54813389e+08  9.99996626e-01 
 3.75837404e+08  2.92868687e+00  3.75837404e+08  1.00000364e+00  3.75837404e+08  7.14102157e-01  3.75837404e+08  7.14104273e-01  3.75837404e+08  3.58380886e-01  3.75837404e+08  9.99995779e-01 
 3.98107171e+08  2.93422019e+00  3.98107171e+08  1.00000454e+00  3.98107171e+08  7.12805551e-01  3.98107171e+08  7.12808195e-01  3.98107171e+08  4.00331056e-01  3.98107171e+08  9.99994725e-01 
 4.21696503e+08  2.94048132e+00  4.21696503e+08  1.00000566e+00  4.21696503e+08  7.11370202e-01  4.21696503e+08  7.11373503e-01  4.21696503e+08  4.46921302e-01  4.21696503e+08  9.99993414e-01 
 4.46683592e+08  2.94752727e+00  4.46683592e+08  1.00000705e+00  4.46683592e+08  7.09781915e-01  4.46683592e+08  7.09786032e-01  4.46683592e+08  4.98606067e-01  4.46683592e+08  9.99991786e-01 
 4.73151259e+08  2.95541884e+00  4.73151259e+08  1.00000876e+00  4.73151259e+08  7.08025585e-01  4.73151259e+08  7.08030713e-01  4.73151259e+08  5.55870912e-01  4.73151259e+08  9.99989767e-01 
 5.01187234e+08  2.96421990e+00  5.01187234e+08  1.00001087e+00  5.01187234e+08  7.06085231e-01  5.01187234e+08  7.06091612e-01  5.01187234e+08  6.19231653e-01  5.01187234e+08  9.99987268e-01 
 5.30884444e+08  2.97399631e+00  5.30884444e+08  1.00001347e+00  5.30884444e+08  7.03944076e-01  5.30884444e+08  7.03952006e-01  5.30884444e+08  6.89232730e-01  5.30884444e+08  9.99984180e-01 
 5.62341325e+08  2.98481451e+00  5.62341325e+08  1.00001666e+00  5.62341325e+08  7.01584650e-01  5.62341325e+08  7.01594491e-01  5.62341325e+08  7.66444710e-01  5.62341325e+08  9.99980372e-01 
 5.95662144e+08  2.99673956e+00  5.95662144e+08  1.00002057e+00  5.95662144e+08  6.98988951e-01  5.95662144e+08  6.99001144e-01  5.95662144e+08  8.51460843e-01  5.95662144e+08  9.99975688e-01 
 6.30957344e+08  3.00983254e+00  6.30957344e+08  1.00002535e+00  6.30957344e+08  6.96138654e-01  6.30957344e+08  6.96153735e-01  6.30957344e+08  9.44892648e-01  6.30957344e+08  9.99969939e-01 
 6.68343918e+08  3.02414724e+00  6.68343918e+08  1.00003116e+00  6.68343918e+08  6.93015379e-01  6.68343918e+08  6.93033998e-01  6.68343918e+08  1.04736455e+00  6.68343918e+08  9.99962903e-01 
 7.07945784e+08  3.03972585e+00  7.07945784e+08  1.00003821e+00  7.07945784e+08  6.89601026e-01  7.07945784e+08  6.89623967e-01  7.07945784e+08  1.15950770e+00  7.07945784e+08  9.99954315e-01 
 7.49894209e+08  3.05659353e+00  7.49894209e+08  1.00004674e+00  7.49894209e+08  6.85878180e-01  7.49894209e+08  6.85906384e-01  7.49894209e+08  1.28195320e+00  7.49894209e+08  9.99943868e-01 
 7.94328235e+08  3.07475165e+00  7.94328235e+08  1.00005702e+00  7.94328235e+08  6.81830577e-01  7.94328235e+08  6.81865173e-01  7.94328235e+08  1.41532518e+00  7.94328235e+08  9.99931200e-01 
 8.41395142e+08  3.09416939e+00  8.41395142e+08  1.00006935e+00  8.41395142e+08  6.77443651e-01  8.41395142e+08  6.77485981e-01  8.41395142e+08  1.56023427e+00  8.41395142e+08  9.99915894e-01 
 8.91250938e+08  3.11477351e+00  8.91250938e+08  1.00008407e+00  8.91250938e+08  6.72705126e-01  8.91250938e+08  6.72756781e-01  8.91250938e+08  1.71727219e+00  8.91250938e+08  9.99897473e-01 
 9.44060876e+08  3.13643595e+00  9.44060876e+08  1.00010158e+00  9.44060876e+08  6.67605662e-01  9.44060876e+08  6.67668520e-01  9.44060876e+08  1.88700870e+00  9.44060876e+08  9.99875393e-01 
 1.00000000e+09  3.15895900e+00  1.00000000e+09  1.00012230e+00  1.00000000e+09  6.62139528e-01  1.00000000e+09  6.62215792e-01  1.00000000e+09  2.06999188e+00  1.00000000e+09  9.99849041e-01 
 1.05925373e+09  3.18205773e+00  1.05925373e+09  1.00014668e+00  1.05925373e+09  6.56305275e-01  1.05925373e+09  6.56397519e-01  1.05925373e+09  2.26675345e+00  1.05925373e+09  9.99817734e-01 
 1.12201845e+09  3.20533957e+00  1.12201845e+09  1.00017522e+00  1.12201845e+09  6.50106382e-01  1.12201845e+09  6.50217593e-01  1.12201845e+09  2.47782066e+00  1.12201845e+09  9.99780720e-01 
 1.18850223e+09  3.22828065e+00  1.18850223e+09  1.00020843e+00  1.18850223e+09  6.43551829e-01  1.18850223e+09  6.43685461e-01  1.18850223e+09  2.70373674e+00  1.18850223e+09  9.99737177e-01 
 1.25892541e+09  3.25019911e+00  1.25892541e+09  1.00024683e+00  1.25892541e+09  6.36656581e-01  1.25892541e+09  6.36816604e-01  1.25892541e+09  2.94509171e+00  1.25892541e+09  9.99686224e-01 
 1.33352143e+09  3.27022541e+00  1.33352143e+09  1.00029092e+00  1.33352143e+09  6.29441907e-01  1.33352143e+09  6.29632865e-01  1.33352143e+09  3.20256561e+00  1.33352143e+09  9.99626927e-01 
 1.41253754e+09  3.28727018e+00  1.41253754e+09  1.00034118e+00  1.41253754e+09  6.21935540e-01  1.41253754e+09  6.22162609e-01  1.41253754e+09  3.47698599e+00  1.41253754e+09  9.99558318e-01 
 1.49623566e+09  3.29999078e+00  1.49623566e+09  1.00039799e+00  1.49623566e+09  6.14171616e-01  1.49623566e+09  6.14440674e-01  1.49623566e+09  3.76940149e+00  1.49623566e+09  9.99479410e-01 
 1.58489319e+09  3.30675833e+00  1.58489319e+09  1.00046162e+00  1.58489319e+09  6.06190400e-01  1.58489319e+09  6.06508098e-01  1.58489319e+09  4.08117270e+00  1.58489319e+09  9.99389232e-01 
 1.67880402e+09  3.30562861e+00  1.67880402e+09  1.00053214e+00  1.67880402e+09  5.98037771e-01  1.67880402e+09  5.98411620e-01  1.67880402e+09  4.41408086e+00  1.67880402e+09  9.99286870e-01 
 1.77827941e+09  3.29432232e+00  1.77827941e+09  1.00060930e+00  1.77827941e+09  5.89764508e-01  1.77827941e+09  5.90202983e-01  1.77827941e+09  4.77045305e+00  1.77827941e+09  9.99171515e-01 
 1.88364909e+09  3.27022401e+00  1.88364909e+09  1.00069245e+00  1.88364909e+09  5.81425374e-01  1.88364909e+09  5.81938039e-01  1.88364909e+09  5.15329833e+00  1.88364909e+09  9.99042545e-01 
 1.99526231e+09  3.23041508e+00  1.99526231e+09  1.00078033e+00  1.99526231e+09  5.73078044e-01  1.99526231e+09  5.73675718e-01  1.99526231e+09  5.56644064e+00  1.99526231e+09  9.98899614e-01 
 2.11348904e+09  3.17176742e+00  2.11348904e+09  1.00087085e+00  2.11348904e+09  5.64781904e-01  2.11348904e+09  5.65476872e-01  2.11348904e+09  6.01461538e+00  2.11348904e+09  9.98742790e-01 
 2.23872114e+09  3.09114286e+00  2.23872114e+09  1.00096084e+00  2.23872114e+09  5.56596706e-01  2.23872114e+09  5.57403003e-01  2.23872114e+09  6.50345669e+00  2.23872114e+09  9.98572701e-01 
 2.37137371e+09  2.98577665e+00  2.37137371e+09  1.00104578e+00  2.37137371e+09  5.48580983e-01  2.37137371e+09  5.49514781e-01  2.37137371e+09  7.03922136e+00  2.37137371e+09  9.98390705e-01 
 2.51188643e+09  2.85398059e+00  2.51188643e+09  1.00111963e+00  2.51188643e+09  5.40789953e-01  2.51188643e+09  5.41870067e-01  2.51188643e+09  7.62793255e+00  2.51188643e+09  9.98198991e-01 
 2.66072506e+09  2.69639492e+00  2.66072506e+09  1.00117520e+00  2.66072506e+09  5.33272274e-01  2.66072506e+09  5.34520792e-01  2.66072506e+09  8.27332238e+00  2.66072506e+09  9.98000429e-01 
 2.81838293e+09  2.51815299e+00  2.81838293e+09  1.00120580e+00  2.81838293e+09  5.26064445e-01  2.81838293e+09  5.27507371e-01  2.81838293e+09  8.97245194e+00  2.81838293e+09  9.97797703e-01 
 2.98538262e+09  2.33244061e+00  2.98538262e+09  1.00120990e+00  2.98538262e+09  5.19181099e-01  2.98538262e+09  5.20848652e-01  2.98538262e+09  9.70732169e+00  2.98538262e+09  9.97590767e-01 
 3.16227766e+09  2.16575354e+00  3.16227766e+09  1.00120138e+00  3.16227766e+09  5.12600344e-01  3.16227766e+09  5.14525944e-01  3.16227766e+09  1.04311082e+01  3.16227766e+09  9.97371199e-01 
 3.34965439e+09  2.06388948e+00  3.34965439e+09  1.00122615e+00  3.34965439e+09  5.06249952e-01  3.34965439e+09  5.08466191e-01  3.34965439e+09  1.10519352e+01  3.34965439e+09  9.97112971e-01 
 3.54813389e+09  2.09426522e+00  3.54813389e+09  1.00137557e+00  3.54813389e+09  5.00017254e-01  3.54813389e+09  5.02547533e-01  3.54813389e+09  1.14298379e+01  3.54813389e+09  9.96765139e-01 
 3.75837404e+09  2.33624638e+00  3.75837404e+09  1.00176796e+00  3.75837404e+09  4.93816102e-01  3.75837404e+09  4.96664979e-01  3.75837404e+09  1.14167236e+01  3.75837404e+09  9.96262804e-01 
 3.98107171e+09  2.85647165e+00  3.98107171e+09  1.00247955e+00  3.98107171e+09  4.87689281e-01  3.98107171e+09  4.90841309e-01  3.98107171e+09  1.09445092e+01  3.98107171e+09  9.95566560e-01 
 4.21696503e+09  3.68584766e+00  4.21696503e+09  1.00348127e+00  4.21696503e+09  4.81825511e-01  4.21696503e+09  4.85258546e-01  4.21696503e+09  1.00876136e+01  4.21696503e+09  9.94697142e-01 
 4.46683592e+09  4.82100539e+00  4.46683592e+09  1.00466375e+00  4.46683592e+09  4.76439264e-01  4.46683592e+09  4.80141576e-01  4.46683592e+09  9.01955261e+00  4.46683592e+09  9.93718665e-01 
 4.73151259e+09  6.24532114e+00  4.73151259e+09  1.00591717e+00  4.73151259e+09  4.71653279e-01  4.73151259e+09  4.75630322e-01  4.73151259e+09  7.91152006e+00  4.73151259e+09  9.92692212e-01 
 5.01187234e+09  7.94652939e+00  5.01187234e+09  1.00717626e+00  5.01187234e+09  4.67488247e-01  5.01187234e+09  4.71759039e-01  5.01187234e+09  6.87306958e+00  5.01187234e+09  9.91651717e-01 
 5.30884444e+09  9.92198234e+00  5.30884444e+09  1.00841684e+00  5.30884444e+09  4.63910781e-01  5.30884444e+09  4.68501460e-01  5.30884444e+09  5.95223191e+00  5.30884444e+09  9.90607933e-01 
 5.62341325e+09  1.21766744e+01  5.62341325e+09  1.00963702e+00  5.62341325e+09  4.60874018e-01  5.62341325e+09  4.65813020e-01  5.62341325e+09  5.15848819e+00  5.62341325e+09  9.89560183e-01 
 5.95662144e+09  1.47197160e+01  5.95662144e+09  1.01084289e+00  5.95662144e+09  4.58335980e-01  5.95662144e+09  4.63651378e-01  5.95662144e+09  4.48302749e+00  5.95662144e+09  9.88504613e-01 
 6.30957344e+09  1.75614765e+01  6.30957344e+09  1.01204139e+00  6.30957344e+09  4.56264253e-01  6.30957344e+09  4.61982522e-01  6.30957344e+09  3.91063623e+00  6.30957344e+09  9.87438008e-01 
 6.68343918e+09  2.07116816e+01  6.68343918e+09  1.01323757e+00  6.68343918e+09  4.54635403e-01  6.68343918e+09  4.60780904e-01  6.68343918e+09  3.42535632e+00  6.68343918e+09  9.86359039e-01 
 7.07945784e+09  2.41782474e+01  7.07945784e+09  1.01443400e+00  7.07945784e+09  4.53433162e-01  7.07945784e+09  4.60027957e-01  7.07945784e+09  3.01272916e+00  7.07945784e+09  9.85268374e-01 
 7.49894209e+09  2.79666402e+01  7.49894209e+09  1.01563088e+00  7.49894209e+09  4.52646762e-01  7.49894209e+09  4.59710562e-01  7.49894209e+09  2.66043473e+00  7.49894209e+09  9.84168389e-01 
 7.94328235e+09  3.20796402e+01  7.94328235e+09  1.01682653e+00  7.94328235e+09  4.52269674e-01  7.94328235e+09  4.59819859e-01  7.94328235e+09  2.35826241e+00  7.94328235e+09  9.83062783e-01 
 8.41395142e+09  3.65174535e+01  8.41395142e+09  1.01801782e+00  8.41395142e+09  4.52298716e-01  8.41395142e+09  4.60350391e-01  8.41395142e+09  2.09784815e+00  8.41395142e+09  9.81956185e-01 
 8.91250938e+09  4.12781534e+01  8.91250938e+09  1.01920067e+00  8.91250938e+09  4.52733399e-01  8.91250938e+09  4.61299501e-01  8.91250938e+09  1.87236332e+00  8.91250938e+09  9.80853794e-01 
 9.44060876e+09  4.63584360e+01  9.44060876e+09  1.02037041e+00  9.44060876e+09  4.53575430e-01  9.44060876e+09  4.62666874e-01  9.44060876e+09  1.67622659e+00  9.44060876e+09  9.79761054e-01 
 1.00000000e+10  5.17546782e+01  1.00000000e+10  1.02152218e+00  1.00000000e+10  4.54828289e-01  1.00000000e+10  4.64454168e-01  1.00000000e+10  1.50486020e+00  1.00000000e+10  9.78683364e-01 
 1.05925373e+10  5.74642744e+01  1.05925373e+10  1.02265123e+00  1.05925373e+10  4.56496849e-01  1.05925373e+10  4.66664683e-01  1.05925373e+10  1.35449211e+00  1.05925373e+10  9.77625808e-01 
 1.12201845e+10  6.34872202e+01  1.12201845e+10  1.02375320e+00  1.12201845e+10  4.58587009e-01  1.12201845e+10  4.69303051e-01  1.12201845e+10  1.22199876e+00  1.12201845e+10  9.76592931e-01 
 1.18850223e+10  6.98279091e+01  1.18850223e+10  1.02482442e+00  1.18850223e+10  4.61105332e-01  1.18850223e+10  4.72374924e-01  1.18850223e+10  1.10478084e+00  1.18850223e+10  9.75588525e-01 
 1.25892541e+10  7.64971035e+01  1.25892541e+10  1.02586207e+00  1.25892541e+10  4.64058684e-01  1.25892541e+10  4.75886667e-01  1.25892541e+10  1.00066557e+00  1.25892541e+10  9.74615454e-01 
 1.33352143e+10  8.35140519e+01  1.33352143e+10  1.02686443e+00  1.33352143e+10  4.67453873e-01  1.33352143e+10  4.79845046e-01  1.33352143e+10  9.07829617e-01  1.33352143e+10  9.73675502e-01 
 1.41253754e+10  9.09087324e+01  1.41253754e+10  1.02783099e+00  1.41253754e+10  4.71297293e-01  1.41253754e+10  4.84256925e-01  1.41253754e+10  8.24737921e-01  1.41253754e+10  9.72769239e-01 
 1.49623566e+10  9.87242217e+01  1.49623566e+10  1.02876261e+00  1.49623566e+10  4.75594581e-01  1.49623566e+10  4.89128974e-01  1.49623566e+10  7.50094996e-01  1.49623566e+10  9.71895917e-01 
 1.58489319e+10  1.07019207e+02  1.58489319e+10  1.02966166e+00  1.58489319e+10  4.80350285e-01  1.58489319e+10  4.94467398e-01  1.58489319e+10  6.82805704e-01  1.58489319e+10  9.71053389e-01 
 1.67880402e+10  1.15870682e+02  1.67880402e+10  1.03053202e+00  1.67880402e+10  4.85567553e-01  1.67880402e+10  5.00277685e-01  1.67880402e+10  6.21943405e-01  1.67880402e+10  9.70238046e-01 
 1.77827941e+10  1.25376886e+02  1.77827941e+10  1.03137921e+00  1.77827941e+10  4.91247846e-01  1.77827941e+10  5.06564371e-01  1.77827941e+10  5.66723786e-01  1.77827941e+10  9.69444798e-01 
 1.88364909e+10  1.35660575e+02  1.88364909e+10  1.03221034e+00  1.88364909e+10  4.97390670e-01  1.88364909e+10  5.13330834e-01  1.88364909e+10  5.16483076e-01  1.88364909e+10  9.68667076e-01 
 1.99526231e+10  1.46872728e+02  1.99526231e+10  1.03303410e+00  1.99526231e+10  5.03993323e-01  1.99526231e+10  5.20579086e-01  1.99526231e+10  4.70659645e-01  1.99526231e+10  9.67896883e-01 
 2.11348904e+10  1.59196820e+02  2.11348904e+10  1.03386061e+00  2.11348904e+10  5.11050656e-01  2.11348904e+10  5.28309566e-01  2.11348904e+10  4.28778264e-01  2.11348904e+10  9.67124891e-01 
 2.23872114e+10  1.72853816e+02  2.23872114e+10  1.03470135e+00  2.23872114e+10  5.18554836e-01  2.23872114e+10  5.36520912e-01  2.23872114e+10  3.90436443e-01  2.23872114e+10  9.66340591e-01 
 2.37137371e+10  1.88108078e+02  2.37137371e+10  1.03556886e+00  2.37137371e+10  5.26495107e-01  2.37137371e+10  5.45209699e-01  2.37137371e+10  3.55292474e-01  2.37137371e+10  9.65532503e-01 
 2.51188643e+10  2.05274423e+02  2.51188643e+10  1.03647654e+00  2.51188643e+10  5.34857530e-01  2.51188643e+10  5.54370117e-01  2.51188643e+10  3.23054893e-01  2.51188643e+10  9.64688432e-01 
 2.66072506e+10  2.24726649e+02  2.66072506e+10  1.03743829e+00  2.66072506e+10  5.43624720e-01  2.66072506e+10  5.63993602e-01  2.66072506e+10  2.93473210e-01  2.66072506e+10  9.63795789e-01 
 2.81838293e+10  2.46907942e+02  2.81838293e+10  1.03846811e+00  2.81838293e+10  5.52775563e-01  2.81838293e+10  5.74068391e-01  2.81838293e+10  2.66329806e-01  2.81838293e+10  9.62841947e-01 
 2.98538262e+10  2.72343760e+02  2.98538262e+10  1.03957975e+00  2.98538262e+10  5.62284930e-01  2.98538262e+10  5.84579033e-01  2.98538262e+10  2.41432965e-01  2.98538262e+10  9.61814634e-01 
